Species Key,Belt
2638421,4
2642105,5
2642991,7
2646253,4
2646637,5
2646669,4
2650105,7
2650107,5
2650123,7
2650150,5
2650245,5
2650247,7
2650435,7
2650436,5
2650558,7
2650564,7
2650660,7
2650827,5
2650829,7
2650857,7
2650876,7
2650903,5
2650999,5
2651567,5
2651608,6
2651799,7
2651816,5
2651843,5
2651848,7
2669006,4
2671271,4
2671805,5
2672619,6
2672635,5
2672681,4
2674024,4
2681651,4
2683866,4
2683884,5
2683904,7
2683909,5
2683942,7
2683946,7
2683955,4
2683969,5
2684080,4
2684102,5
2684155,7
2684170,6
2684171,4
2684174,5
2684178,5
2684191,5
2684320,5
2684391,5
2684578,4
2684591,5
2684610,7
2684616,5
2684633,5
2684709,4
2684773,5
2684835,4
2684844,4
2684855,5
2684887,7
2684904,5
2685116,5
2685171,7
2685181,7
2685275,5
2685278,7
2685280,5
2685300,5
2685314,6
2685383,5
2685484,5
2685569,5
2685601,5
2685636,4
2685654,5
2685681,5
2685693,6
2685783,5
2686157,5
2686170,5
2686212,5
2686253,4
2686276,4
2686287,6
2687186,5
2687216,5
2687220,5
2687286,4
2687628,7
2687646,5
2687656,5
2687707,5
2687717,4
2687779,7
2687843,7
2687885,5
2687927,5
2688176,7
2688211,6
2688289,5
2688302,5
2688311,6
2688326,5
2688470,5
2688524,5
2688570,4
2688573,7
2688584,7
2688613,7
2690931,7
2695149,7
2702446,7
2702451,6
2702536,7
2702717,4
2702798,5
2702806,7
2702808,5
2702812,7
2702820,5
2702822,5
2702847,4
2702870,7
2703041,5
2703085,5
2703197,7
2703231,6
2703246,7
2703273,7
2703456,7
2703457,7
2703459,7
2703461,7
2703462,7
2703463,7
2703464,7
2703467,5
2703469,7
2703471,7
2703473,7
2703626,7
2703641,7
2703885,7
2703911,7
2703912,7
2703935,7
2704070,7
2704075,7
2704106,6
2704112,6
2704340,7
2704346,7
2704348,7
2704395,4
2704414,7
2704432,5
2704442,5
2704446,7
2704447,7
2704501,7
2704651,6
2704661,5
2704740,7
2704851,6
2704854,5
2705081,5
2705090,5
2705162,5
2705181,7
2705184,7
2705189,7
2705196,5
2705228,5
2705270,7
2705275,7
2705286,7
2705325,7
2705418,6
2705536,7
2705565,7
2705583,7
2705587,7
2705614,7
2705619,7
2705620,7
2705666,5
2705687,6
2705737,7
2705757,7
2705834,7
2705865,7
2705868,7
2705932,7
2705953,7
2705964,5
2705999,7
2706022,7
2706026,5
2706056,5
2706099,5
2706106,5
2706112,7
2706114,7
2706164,4
2706173,4
2706188,7
2706190,6
2706204,5
2706241,4
2706251,7
2706301,7
2706394,5
2706406,7
2706411,6
2706415,6
2706435,4
2706541,5
2731882,7
2735117,7
2735641,7
2739622,5
2740024,7
2741694,5
2742059,5
2742172,5
2742237,5
2747430,5
2747826,7
2750611,4
2752044,4
2752128,5
2752992,5
2753030,5
2753079,5
2753081,5
2753090,7
2753124,6
2753146,5
2753192,5
2753211,5
2753218,5
2753253,6
2753264,5
2753278,5
2753312,5
2753336,7
2753364,6
2753371,5
2753380,5
2753451,5
2753456,4
2753478,5
2753480,5
2753522,5
2753786,4
2754338,4
2754395,7
2754460,7
2754476,7
2754496,7
2754595,6
2754610,7
2754659,7
2754673,7
2754732,7
2754777,7
2755116,7
2755142,6
2755178,7
2755489,7
2755523,7
2755608,7
2755630,7
2755797,7
2756019,5
2756109,5
2756112,5
2757624,7
2766221,4
2766613,7
2767031,7
2768885,5
2768953,5
2769061,7
2769112,5
2769435,5
2769650,7
2770000,5
2770004,5
2770089,7
2770323,7
2770868,5
2771042,6
2771050,6
2771052,7
2771077,6
2771207,5
2771232,5
2771279,5
2772564,7
2772636,5
2772879,6
2773942,5
2775561,5
2775592,5
2775606,7
2775710,6
2777430,7
2777724,7
2779434,7
2781074,5
2785323,6
2789676,5
2793158,5
2793334,5
2795044,5
2795051,7
2795457,7
2795473,7
2797295,5
2798075,6
2803309,7
2803398,7
2803463,7
2808765,6
2808791,5
2814339,7
2816157,7
2816213,4
2816250,5
2816275,5
2816321,5
2820423,5
2825192,7
2825513,7
2828668,7
2828709,5
2840611,5
2840807,7
2840877,7
2846796,5
2848735,7
2848856,5
2852481,7
2853152,4
2854729,6
2856504,4
2856681,5
2856707,3
2856725,4
2856860,4
2856910,4
2857017,4
2857132,4
2857221,5
2857331,4
2857379,5
2857444,5
2857558,4
2857601,4
2857659,4
2857697,5
2860922,7
2863308,5
2863309,6
2863311,5
2863343,6
2863351,4
2863967,4
2865448,4
2870127,5
2873769,5
2873861,5
2874183,7
2874186,7
2874190,7
2874198,7
2874200,7
2874204,7
2874210,7
2874222,7
2874508,5
2874564,7
2874569,5
2874570,5
2874581,7
2874621,5
2874622,7
2874672,7
2874863,7
2875787,5
2875793,5
2875817,7
2875850,5
2875860,6
2875871,6
2875885,7
2875892,7
2875893,5
2875922,5
2875940,5
2875979,5
2876008,5
2876013,5
2876043,5
2876044,5
2876069,5
2876072,5
2876088,5
2876094,4
2876667,6
2882268,5
2882300,5
2882316,5
2882398,5
2882420,6
2882429,7
2882430,7
2882432,7
2882437,4
2882443,7
2882446,5
2882803,5
2883969,7
2884309,7
2888437,5
2888439,5
2888443,5
2888706,5
2888730,5
2888794,4
2889378,4
2889828,5
2891641,7
2891785,7
2895345,7
2895528,7
2896888,7
2901228,5
2903802,7
2925649,7
2926005,6
2926415,5
2926612,5
2926672,7
2927004,5
2927096,7
2927175,5
2927177,5
2927230,5
2927233,5
2927282,4
2927294,4
2927305,5
2927424,4
2927429,4
2927545,5
2927548,5
2928751,7
2928765,5
2928767,7
2928809,5
2928835,5
2928859,5
2928878,7
2929062,7
2929147,7
2929236,7
2929299,7
2929599,7
2929616,7
2929618,5
2929673,5
2929691,7
2929732,7
2929847,7
2929848,7
2929892,5
2929907,7
2929989,7
2930023,6
2930137,7
2930262,5
2930397,7
2930498,5
2930617,7
2930908,7
2931061,4
2931071,7
2931312,7
2931374,7
2931415,7
2931542,7
2931659,6
2931761,7
2931882,7
2932138,5
2932643,5
2932737,5
2932902,7
2932938,7
2932942,7
2932943,7
2932944,7
2943200,5
2943268,4
2943277,5
2943288,6
2944317,5
2947311,5
2948930,6
2950907,7
2951851,7
2953747,7
2953849,7
2955818,7
2956206,7
2957966,7
2958654,7
2958706,7
2959035,5
2959073,5
2960284,7
2960383,7
2960735,7
2963781,5
2963817,5
2963961,5
2964167,5
2964566,7
2964812,7
2965280,7
2965316,5
2965354,5
2965466,5
2965732,5
2965770,5
2965778,5
2965911,7
2966796,5
2968435,7
2968813,7
2971095,5
2972043,7
2974683,7
2974786,5
2975014,5
2975677,7
2975725,7
2975756,7
2975768,7
2977323,5
2977331,6
2982380,7
2982508,5
2982583,7
2984532,5
2984535,5
2984672,5
2985675,7
2985688,4
2991493,6
2995051,5
2999200,5
3000679,5
3000699,6
3001102,5
3001632,4
3001660,5
3002167,4
3003244,5
3004247,5
3004857,5
3005039,5
3008635,5
3009087,5
3014406,5
3018319,5
3020755,5
3021037,4
3021229,5
3021335,5
3021409,6
3021437,5
3021850,5
3022277,5
3022504,5
3022609,5
3022725,5
3023046,5
3024146,7
3025437,6
3029801,5
3029817,5
3029834,5
3029900,5
3029912,5
3030181,5
3032178,4
3032655,5
3032678,5
3032681,5
3032762,5
3032976,7
3032980,5
3032984,5
3032986,5
3033114,5
3033129,5
3033300,4
3033353,4
3033368,4
3033455,5
3033546,5
3033671,5
3033830,5
3033839,5
3033840,4
3033965,5
3033987,7
3033991,7
3034046,7
3034113,5
3034509,5
3034602,7
3034646,5
3034648,4
3034714,5
3034742,5
3034871,7
3034922,5
3034944,5
3035134,7
3035311,5
3035369,5
3035388,6
3036292,6
3036366,5
3036865,6
3036875,5
3036892,5
3037015,5
3037725,5
3038331,7
3039046,5
3039269,5
3039285,4
3040184,4
3040195,5
3040196,5
3040227,5
3040231,5
3040232,5
3040233,5
3040237,5
3040249,5
3040547,7
3040556,7
3040558,7
3040559,5
3040944,3
3041285,5
3041503,4
3041689,6
3041758,7
3041862,7
3042082,5
3042291,5
3042328,4
3042459,5
3042636,5
3042658,5
3042751,5
3042845,5
3044507,4
3044743,5
3044912,5
3046173,5
3046851,5
3047367,2
3047598,5
3048867,6
3049685,5
3049933,3
3050357,5
3050364,5
3050522,6
3051147,5
3051150,5
3051311,4
3051438,4
3052436,5
3052450,5
3052468,4
3052501,2
3052509,5
3052529,3
3052535,4
3052538,5
3052544,4
3057656,7
3082210,5
3083486,5
3083838,5
3083862,5
3083935,5
3083990,5
3084012,7
3084015,7
3084022,5
3084672,7
3084719,7
3084839,7
3084923,7
3085368,5
3085420,5
3086086,7
3086314,7
3086811,6
3088953,4
3089154,7
3089214,5
3089479,3
3090554,2
3090561,3
3090566,4
3090567,2
3090570,5
3090571,3
3090572,5
3090573,4
3090579,7
3090581,5
3090586,5
3090589,3
3090590,3
3090600,4
3090601,7
3090602,5
3090603,5
3090604,7
3090605,4
3090607,5
3090608,5
3090614,7
3090617,5
3090619,4
3090620,4
3090624,5
3090625,4
3090629,2
3090630,4
3090631,3
3090634,4
3090636,3
3090641,5
3090647,5
3090648,4
3090649,4
3090652,5
3090657,7
3090659,7
3090662,3
3090663,2
3090666,4
3090668,4
3090673,3
3090675,3
3090681,5
3090687,5
3090696,5
3090702,5
3090704,7
3090705,4
3090706,4
3090708,3
3091999,6
3092691,5
3094819,5
3096721,4
3098748,4
3101208,5
3105715,7
3105785,7
3108703,4
3110588,5
3112345,5
3112361,7
3112362,7
3112364,5
3112374,6
3116842,7
3116861,7
3118066,3
3118068,4
3118069,5
3118072,5
3118073,5
3118075,3
3118078,4
3118080,5
3119175,5
3119191,5
3119225,5
3119232,7
3120648,6
3120722,5
3120791,5
3121341,5
3121398,7
3121436,5
3121593,5
3122205,7
3122433,5
3126178,5
3128962,5
3129202,4
3130339,6
3131614,5
3132430,3
3132728,7
3134192,3
3136953,5
3137128,5
3138327,5
3140729,5
3141097,2
3145214,5
3146717,5
3150753,5
3150814,5
3152226,7
3152671,6
3152861,5
3152873,6
3153030,7
3153228,5
3153260,5
3153270,5
3153368,5
3153567,7
3153837,5
3156192,7
3169083,5
3169830,7
3170247,5
3170823,5
3171304,5
3171697,4
3172242,7
3172278,6
3172287,7
3172297,5
3172303,5
3172306,7
3172308,7
3172327,5
3172343,5
3172358,5
3172370,6
3172382,7
3172384,7
3172386,7
3172407,7
3172439,7
3172489,7
3172622,7
3173178,7
3176354,5
3176368,4
3176478,7
3176597,4
3176610,5
3176655,5
3176896,5
3176999,7
3177330,5
3177386,7
3181064,7
3187983,7
3188513,7
3188525,7
3188724,7
3188725,7
3188736,5
3188757,5
3189382,7
3189571,7
3189635,5
3189636,5
3189692,5
3189693,5
3189694,5
3189723,7
3190154,5
3190164,7
3190472,7
3190484,7
3190485,7
3190508,7
3190511,7
3190513,7
3190516,7
3190553,5
3190638,7
3190712,7
3190715,5
3191150,5
3191259,7
3232883,6
3586769,7
3586783,7
3587301,7
3587632,7
3588500,6
3588727,5
3588934,5
3589814,5
3590274,7
3590313,7
3590783,6
3590844,7
3590904,6
3591351,7
3591410,7
3591703,7
3591768,6
3592374,4
3594822,7
3603789,4
3606863,5
3615532,7
3624240,5
3624285,6
3625099,7
3625315,5
3625902,5
3632000,5
3632234,7
3634949,6
3638241,5
3639786,5
3642330,6
3643075,6
3645102,5
3645663,5
3646524,5
3646556,5
3646601,6
3646704,7
3646721,7
3646891,7
3647215,6
3647356,5
3663231,6
3663443,7
3668643,7
3672337,7
3682197,7
3682281,7
3682433,7
3682631,5
3682961,7
3683008,7
3683076,5
3683164,7
3683595,5
3683625,6
3683811,7
3683832,7
3683966,5
3683988,5
3684014,5
3684137,7
3684325,7
3684449,5
3684502,7
3684585,7
3684622,7
3684654,7
3684863,7
3684963,7
3684970,7
3685256,7
3685992,7
3697755,7
3701918,5
3702480,6
3702689,7
3710283,7
3737606,4
3738221,2
3738478,5
3738793,5
3742939,4
3744639,7
3745136,7
3745193,3
3745294,5
3747014,6
3750054,7
3750475,5
3750517,7
3756945,5
3759078,2
3768352,7
3768452,5
3768561,5
3774284,7
3788104,7
3789029,5
3789290,7
3793983,6
3797288,6
3798410,5
3798708,7
3798719,7
3798939,7
3799457,7
3799794,4
3801355,7
3802189,5
3802266,4
3802293,7
3802360,7
3802419,6
3802655,5
3802772,6
3803716,5
3804145,4
3804846,7
3805800,4
3806510,6
3811075,5
3815530,5
3819279,6
3827595,5
3827856,7
3830405,5
3834219,6
3839335,4
3839517,4
3839645,4
3839843,4
3840852,4
3842216,5
3842891,6
3850935,7
3850981,7
3855866,5
3855904,5
3856277,4
3856771,6
3859899,7
3860234,7
3861141,7
3861287,7
3861607,7
3864733,7
3867146,7
3867269,7
3867318,7
3867434,7
3872463,7
3874338,7
3874408,5
3881810,5
3883019,5
3889108,5
3896998,7
3897666,5
3899258,5
3902255,3
3915848,6
3920874,5
3921650,5
3921720,5
3922060,4
3922835,5
3922929,4
3923082,5
3923441,5
3924601,4
3924927,4
3925350,5
3925451,5
3925515,5
3925756,6
3925866,5
3926225,5
3926315,7
3926850,5
3927581,5
3928716,5
3930565,5
3930629,5
3933039,7
3933663,7
3934269,6
3934603,7
3940811,7
3940827,7
3960955,7
3980882,5
3981102,6
3981308,5
3981432,5
3981552,5
3981642,5
3984105,7
3986548,7
3988234,7
3988367,7
3988684,6
3988874,7
3988950,7
3988990,6
3989199,7
3989330,7
3992808,7
4001151,7
4001208,7
4001417,7
4004413,7
4005423,5
4007392,5
4007656,4
4013385,7
4015917,7
4015955,5
4016126,5
4016824,7
4017086,5
4023166,5
4025674,4
4030419,7
4036422,5
4039250,5
4047658,7
4047699,7
4047755,7
4047906,7
4055563,5
4068423,7
4068523,5
4068691,7
4070021,6
4070026,7
4070395,7
4080050,7
4080574,7
4082115,5
4087359,7
4087388,7
4088196,7
4088239,7
4088253,7
4088297,7
4091763,7
4092208,7
4092606,7
4094182,7
4096399,7
4096460,7
4096510,7
4097286,7
4104775,5
4105523,7
4105600,7
4105722,7
4105992,7
4106071,7
4108067,7
4108297,6
4108363,7
4108453,7
4108532,7
4108555,7
4109079,7
4109088,7
4109131,7
4109235,7
4109282,7
4109308,7
4109452,7
4109461,7
4109498,7
4109528,7
4109537,7
4109540,7
4109547,7
4109763,4
4109837,7
4109867,7
4109884,7
4109976,7
4110094,7
4110185,7
4110272,7
4110287,7
4110374,7
4110556,5
4111099,7
4112501,7
4113971,7
4114348,5
4115002,7
4115872,7
4115927,7
4116657,7
4116972,7
4117461,6
4117496,5
4117506,7
4117523,6
4117686,7
4117984,7
4119609,6
4119690,7
4120808,5
4120843,7
4121413,7
4121638,7
4122658,5
4123418,7
4123452,7
4123827,7
4123833,7
4123933,5
4124025,6
4124235,7
4124244,7
4124299,5
4124321,7
4124635,7
4124745,7
4124815,6
4124959,6
4125020,7
4125079,5
4125138,7
4125185,5
4125467,7
4126336,7
4126610,6
4127473,7
4128150,7
4128414,7
4129103,5
4129476,7
4129514,7
4129604,7
4129635,7
4130126,7
4130547,7
4131139,6
4131414,5
4131515,4
4131917,7
4132277,7
4132316,6
4133088,7
4133319,7
4133829,6
4134240,7
4134295,7
4134336,5
4134593,5
4134597,7
4134946,4
4135005,7
4135983,7
4136052,7
4136483,7
4136488,7
4136493,7
4136722,7
4136858,7
4137039,6
4137298,7
4137471,7
4137924,6
4137928,7
4138037,7
4138560,7
4138871,6
4139388,5
4139425,7
4139502,7
4140151,7
4140180,7
4140528,7
4141347,7
4141692,7
4142777,7
4142942,7
4143504,5
4144035,7
4144114,7
4144185,7
4144546,4
4144827,7
4144977,7
4145065,5
4145239,5
4145435,7
4145805,7
4146596,7
4146785,7
4146864,7
4146897,7
4147182,7
4147250,7
4147266,7
4147813,5
4148073,5
4149454,7
4149485,7
4149619,7
4149653,6
4150293,7
4150569,7
4151563,5
4151666,7
4151738,7
4151962,7
4152382,6
4152610,7
4152613,6
4152811,7
4153342,7
4153584,6
4153623,5
4154151,7
4154959,7
4155017,7
4159324,7
4159452,6
4159728,7
4159853,6
4159921,5
4160094,7
4177857,7
4177874,7
4178215,6
4180538,5
4180580,6
4181342,7
4191588,5
4192715,7
4192792,7
4193804,5
4196470,7
4196478,5
4196481,5
4201688,5
4204463,5
4205640,5
4221673,7
4256028,6
4256698,6
4259120,6
4339882,5
4927713,5
4929996,7
4932161,7
4932408,7
4932431,7
4932964,7
4933007,7
4933082,7
4934494,4
4937226,7
4937259,5
4938757,5
4940390,5
4940606,7
5270956,5
5272051,7
5274878,7
5275012,4
5275131,4
5275398,7
5275432,6
5275443,5
5283400,4
5284231,5
5284237,7
5284272,5
5284278,7
5284442,7
5284464,4
5284483,6
5284502,5
5284517,5
5284524,5
5284540,5
5284554,5
5284555,4
5284562,6
5284568,5
5284570,5
5284575,4
5284745,4
5284798,5
5284811,4
5284827,4
5284840,5
5284862,4
5284884,5
5284917,4
5285241,6
5285589,5
5285750,4
5285951,7
5285964,7
5286079,5
5286163,5
5286358,4
5286381,4
5288819,7
5289620,5
5289624,7
5289626,7
5289684,5
5289698,5
5289743,7
5289762,7
5289764,7
5289779,5
5289785,7
5289788,7
5289789,6
5289790,7
5289831,5
5289841,7
5289877,4
5290052,7
5290087,5
5290103,7
5290130,6
5290143,7
5290149,5
5290168,5
5290171,5
5290179,7
5290201,7
5293058,7
5293875,7
5294777,7
5295841,4
5295878,6
5295889,5
5295911,4
5295915,7
5295929,5
5295973,5
5295978,7
5298821,5
5298923,5
5299296,5
5299303,5
5300358,4
5300394,5
5300425,5
5300486,6
5300495,5
5300527,7
5300591,5
5300642,4
5300784,6
5300797,4
5300998,7
5301026,7
5303905,5
5304529,7
5304576,7
5304769,5
5305481,7
5305513,7
5305552,5
5305555,6
5305617,7
5305636,7
5305646,5
5305656,7
5305668,5
5305687,5
5308555,7
5308651,7
5310664,7
5310704,7
5310951,5
5311033,5
5311689,7
5312987,5
5315347,7
5315372,5
5315454,7
5315469,5
5315559,7
5315870,7
5316009,7
5316149,7
5316187,7
5316334,7
5316408,7
5316491,7
5316500,7
5316521,7
5316532,6
5316652,7
5316694,7
5316701,7
5317045,7
5317089,7
5317107,7
5317187,6
5317287,7
5317412,7
5317489,7
5317521,7
5317530,7
5317673,7
5317763,7
5318863,5
5318906,5
5318948,5
5318958,5
5319011,7
5319226,5
5319246,5
5321373,5
5321422,5
5323092,5
5326179,5
5329315,4
5330776,7
5331162,7
5331268,4
5332282,7
5332286,6
5332311,5
5334240,5
5334268,6
5334275,5
5341297,4
5341394,5
5341511,4
5341784,7
5341792,7
5345341,4
5347844,7
5347845,5
5347859,7
5349242,7
5349274,7
5349428,7
5350010,5
5350452,7
5352251,5
5353583,5
5353593,6
5353598,6
5353644,5
5353770,7
5356354,7
5356371,5
5356401,5
5356407,7
5356412,4
5356451,5
5356477,5
5356488,5
5356511,5
5356514,5
5356578,7
5356614,5
5356684,4
5356714,4
5358988,7
5359330,5
5359374,7
5359475,5
5359650,6
5359653,7
5359654,5
5359655,7
5359660,5
5360271,5
5361760,5
5361877,5
5361880,5
5361889,5
5361904,7
5361951,6
5362004,5
5362215,5
5362786,5
5366691,5
5367878,5
5370380,4
5370415,7
5371609,4
5371610,5
5371645,5
5371653,5
5371655,5
5371678,5
5371685,5
5371702,5
5371712,5
5371714,4
5371716,4
5371721,5
5371722,5
5371746,5
5371772,5
5371864,5
5371879,7
5372238,5
5372246,5
5372258,5
5372260,7
5372262,6
5372264,4
5372277,5
5372639,5
5372800,5
5372917,4
5373235,1
5373246,4
5373248,4
5373249,4
5373254,4
5373255,4
5373284,4
5373286,2
5373322,5
5373339,7
5373358,7
5373413,4
5373418,4
5373475,7
5373789,4
5374118,5
5374672,7
5374951,5
5375020,4
5375102,5
5375201,4
5375209,4
5375224,5
5375268,5
5375387,5
5375388,5
5375425,5
5376648,5
5377042,3
5377378,7
5383956,4
5383959,7
5384390,7
5384397,7
5384774,5
5384805,5
5384834,5
5384852,5
5384955,7
5386134,6
5387504,5
5387539,5
5388602,5
5393632,4
5393638,5
5393641,4
5393642,5
5393953,5
5394163,4
5394473,5
5394645,4
5395398,5
5395405,5
5395467,5
5395509,5
5395525,5
5398421,7
5400613,7
5404194,4
5406998,7
5409255,5
5409371,5
5414252,7
5414420,7
5415036,5
5415039,5
5415040,7
5415054,5
5415056,5
5415571,7
5415619,7
5415661,7
5418406,7
5418629,7
5420380,7
5420901,5
5420912,7
5420987,7
5421047,7
5421085,5
5421087,5
5421118,6
5421144,5
5421333,7
5523984,7
5528295,5
5528305,5
5528313,6
5528315,5
5528333,5
5528335,7
5528343,7
5528356,6
5528357,5
5528903,6
5529383,7
5529644,7
5531825,5
5533069,7
5534202,7
5537596,4
5537667,4
5537749,5
5537806,5
5537813,5
5537879,5
5537964,4
5537969,6
5537977,4
5541322,7
5544654,7
5549741,6
5549809,7
5549816,7
5549870,7
5549878,7
5549884,7
5549923,7
5549937,7
5549939,7
5550015,7
5552489,4
5554574,7
5558488,7
5559071,5
5566202,7
5567542,5
5567780,5
5568339,5
5568428,5
5568446,7
5569682,5
5575475,7
5575483,7
5579436,5
5579449,7
5580835,5
5580841,4
5580863,5
5580938,4
5582578,7
5584611,5
5585440,5
5587181,5
5588218,3
5591008,6
5592249,7
5592348,7
5592364,7
5596898,5
5598535,4
5598554,5
5599091,5
5599975,7
5600140,7
5601105,7
5601902,7
5612297,5
5613335,7
5615978,5
5616047,5
5616414,5
5616556,4
5616598,6
5616625,5
5633333,7
5633910,5
5634430,3
5634431,5
5634432,5
5635525,7
5640951,4
5641096,6
5641793,6
5643565,7
5648396,7
5650856,7
5662866,5
5665840,5
5667792,6
5669180,7
5671564,7
5671575,6
5671789,4
5671812,7
5671821,5
5672421,5
5672565,7
5672571,7
5672585,7
5672587,7
5673546,7
5673616,7
5673735,7
5673976,7
5674047,6
5674076,6
5674238,5
5674318,5
5674439,6
5674566,4
5674860,7
5675194,7
5675642,7
5676003,5
5676921,7
5676939,7
5677150,7
5677381,7
5677398,7
5677407,7
5677426,7
5677455,7
5677471,7
5677510,7
5677628,7
5677752,7
5677761,7
5677764,7
5677805,7
5677942,7
5678107,7
5678118,5
5678671,4
5678867,6
5679133,7
5679570,7
5680393,5
5685130,5
5685218,6
5685264,6
5685882,5
5686494,5
5687094,7
5696768,5
5699339,4
5708628,7
5708806,5
5710306,4
5792597,6
5828197,7
5828220,7
5832015,6
5832504,5
5836522,7
5836531,5
5939812,4
5948368,7
6026295,5
6026408,5
6026426,5
6026843,5
6027105,5
6027415,5
6035568,6
6043471,4
6043516,5
6058838,5
6068659,5
6070572,7
6070915,7
6109611,7
6109637,7
6109699,7
6135784,7
6363352,7
6364219,5
6365649,7
6365882,5
6369770,5
6370198,5
6374393,5
6374525,5
6376282,4
6402729,7
6406374,7
6410563,7
6433032,5
6435171,7
6634957,7
6711753,7
7100404,5
7102937,5
7102969,5
7104172,5
7122825,7
7125851,5
7125869,7
7126994,5
7141651,5
7141659,7
7152692,5
7152728,7
7155259,4
7155291,5
7156471,7
7157705,7
7161042,5
7262362,5
7262943,5
7262947,6
7263012,6
7263019,5
7263106,5
7263110,5
7263208,5
7266341,5
7266360,6
7266362,4
7266372,4
7266406,5
7266434,5
7266444,5
7266456,4
7266481,4
7266574,5
7266581,5
7266635,5
7266641,5
7266666,5
7266717,5
7266778,4
7266788,4
7266860,5
7268240,4
7268792,7
7269010,4
7269177,5
7269282,5
7269903,5
7270012,4
7270218,4
7270272,4
7270449,5
7270682,5
7270734,5
7270743,6
7270797,5
7272452,5
7272554,5
7272556,6
7272684,6
7272731,4
7274221,7
7276576,5
7277064,5
7277127,6
7277188,6
7277198,5
7277247,6
7277323,6
7277368,6
7277579,4
7277587,5
7277589,5
7279275,6
7286036,7
7287927,7
7287970,7
7288244,5
7289077,5
7289120,7
7293094,5
7295789,5
7296742,5
7297850,7
7298320,6
7298393,7
7298533,7
7298558,7
7299081,7
7299219,5
7299482,7
7299506,7
7300218,5
7300283,5
7300339,6
7300347,6
7300394,6
7303600,5
7303618,6
7304140,7
7304271,5
7304540,5
7304647,7
7304665,6
7304749,5
7306109,5
7307728,4
7308369,6
7308761,5
7308820,7
7309014,5
7310734,5
7313512,7
7313745,5
7313818,7
7313823,5
7313919,7
7313927,6
7313938,5
7313983,5
7314083,7
7315754,5
7315793,5
7315801,6
7315916,7
7316005,5
7316508,6
7316518,4
7316524,5
7317816,7
7317960,5
7318939,5
7319002,6
7319016,5
7319035,5
7319290,6
7319895,5
7319933,7
7320007,6
7322071,6
7322122,5
7324452,7
7325877,5
7325923,5
7325947,6
7325992,7
7325997,5
7326009,6
7326029,7
7326036,5
7326080,4
7326137,7
7326156,7
7326165,5
7326229,7
7326263,6
7326895,6
7326947,7
7329053,5
7329062,5
7329785,4
7329787,4
7329850,7
7330807,5
7330858,6
7331082,7
7331697,4
7334050,5
7334992,5
7335142,7
7335697,5
7339073,7
7339206,6
7339614,5
7339623,6
7353729,5
7355530,6
7355846,7
7356096,5
7361239,6
7379138,7
7382741,7
7383938,1
7390679,7
7393329,7
7399880,5
7403263,5
7412977,5
7413879,7
7421641,5
7437208,7
7441624,5
7441849,5
7444768,6
7445557,5
7451394,6
7469425,4
7469977,7
7475694,7
7496422,7
7500620,5
7502977,7
7503031,5
7506783,7
7513343,7
7516558,5
7518426,7
7519921,5
7520328,7
7526042,6
7530490,7
7536923,7
7549478,5
7569631,7
7574732,5
7589470,7
7598400,7
7604003,6
7607891,7
7617789,6
7631479,5
7639189,7
7642564,5
7653915,7
7655426,5
7657387,7
7670032,7
7670388,5
7673414,7
7678610,5
7686979,5
7696280,7
7696841,5
7699721,6
7730307,4
7731732,6
7738624,4
7738766,5
7751501,5
7759787,7
7761022,5
7768873,5
7770836,5
7773502,5
7795516,6
7795888,5
7800235,5
7806873,7
7809468,5
7820439,5
7824053,5
7839292,4
7846556,5
7863463,5
7867898,5
7874619,5
7882739,7
7883427,6
7883600,5
7884797,5
7887223,7
7889215,6
7900846,6
7902463,5
7903057,5
7903503,4
7921360,7
7924597,4
7944367,7
7952471,5
7961545,7
7963890,4
7970844,7
7972896,4
7978633,7
7985821,5
7987710,4
7996293,5
8002439,7
8002952,5
8022932,6
8031426,6
8046061,6
8057620,7
8060423,5
8068041,7
8098986,7
8099462,7
8100050,7
8104555,5
8106628,7
8120010,7
8121969,6
8141711,6
8143162,4
8149923,5
8150344,7
8160903,6
8171484,7
8172583,5
8190077,5
8192249,7
8193234,5
8193935,7
8201164,7
8207569,7
8214470,4
8231191,5
8235099,7
8241662,7
8241774,5
8244689,5
8244887,5
8254182,5
8283202,7
8298495,5
8300054,4
8303121,7
8307542,7
8309687,7
8310735,7
8321422,7
8323432,3
8323761,7
8324181,4
8326713,4
8332947,6
8335407,7
8338002,6
8344091,7
8354374,7
8372153,7
8373355,5
8377689,5
8394552,7
8403992,7
8404707,4
8418338,5
8420749,7
8420911,5
8539282,5
8582197,6
8584304,5
8591421,5
8604890,4
8616098,6
8637348,5
8656996,5
8664882,5
8846035,7
8960721,7
8971274,5
8993776,7
8998684,5
9073641,5
9080185,5
9111729,6
9118014,4
9150405,5
9151957,5
9167736,7
9172281,5
9172708,7
9202524,4
9206251,5
9211233,7
9338262,5
9354969,6
9370836,5
9396295,5
9557964,4
9574892,5
9594152,5
9596941,7
9605163,5
9613389,5
9662775,7
9671412,5
9704070,4
9710870,7
9716827,7
9733867,7
9764749,4
9805393,4
