1235664,4142724
1205707,3818589
743513,2857659
4113,2930262
46959,5371716
577514,3002167
48809,6365649
232733,2772879
329803,2929848
329088,2684080
399643,5674047
2017774,4146990
128685,4177874
141795,2927382
252972,5687094
54724,5537964
457904,5356451
158385,5415040
233737,2884309
554072,2876069
1980155,5677752
72967,7382741
210730,5319226
227910,7288244
176135,8539282
2491090,3682197
36622,3000699
308434,7839292
4615,5288819
1085088,7874619
59292,5376648
403101,5414420
145987,4109763
231488,5295911
2491210,4147631
4565,7795888
1779285,3768352
1271610,5640951
78740,5305481
941578,7313927
37420,5283400
3767,5362786
74150,3119225
798294,2706204
59279,4120876
126911,5353644
378224,3021409
271398,4339882
260130,5418629
44685,5372238
4571,2706406
126564,3684970
1594473,5374951
408188,7883427
119992,2756112
128588,7657387
101012,3029900
53896,5360271
4591,2705964
362379,3801355
97306,3022725
39584,2684391
104256,3040944
798302,5671575
1571924,9402264
316468,5664544
3369,5284237
1603450,2771050
141787,2927233
4146,5415040
4558,2705181
72947,3126178
2017773,4134076
78190,5375102
43197,3105666
39542,2771042
342582,8326713
3444,5371702
85712,5537749
169180,5315870
112604,5305646
82528,2747430
798289,5677510
4054,5372262
85889,3647356
224740,7963890
13805,2669006
2056449,4092208
147917,3590313
46107,3083990
743510,2856910
79835,2705270
122808,3989330
1073695,4138871
4442,3189635
2016532,2766221
375005,2956206
2056451,7961545
3690,8190077
2033023,5304769
1092577,2706112
72643,8193234
325641,3788104
2358323,7513343
862990,5676035
3406,9605163
2060074,2974583
1045224,8172583
136217,2757624
664052,3040558
717648,2643166
185767,3645663
126558,7325923
71644,5285589
179731,7274221
221759,5672565
147926,7152728
557876,3042082
946017,3988950
37429,2688524
170727,5393953
28971,8404707
1160597,3862279
62751,2686276
60011,8002439
48109,5371864
2023766,4080050
179353,5317045
486855,4109308
37494,3033830
2501770,7266456
47091,5633333
226051,5373358
29766,7339206
2137015,5334268
168836,3925515
35924,3083486
358751,2688289
1859061,4149485
13493,3032986
2019967,7266362
41776,5371712
4111,2930617
231641,3924601
3716,3042845
1478600,9172708
448267,2863351
172646,5317089
588669,7751501
2023749,5643565
161069,4108532
325536,7304271
3724,5377378
182322,5421087
83908,5361951
1882389,5616414
321593,2991493
66025,5677381
167983,3646704
2057971,5549878
486421,2882437
296031,7326947
2491212,4146897
62886,8420911
38689,5289877
58934,2703231
1842555,3646721
51459,2771052
329765,2929236
1971661,3960955
55960,2775561
450882,5284575
1641311,2943268
153348,5377042
2528289,2816157
4684,2857601
3544,3084839
93608,3033840
79078,2975725
154000,5673735
45211,5372264
2107771,7266481
186426,7329850
97309,3021407
1820310,5290103
4236,7403263
1821062,3988874
81985,5375425
105886,3035311
1593301,6363352
45988,4196481
3559,3083838
652132,8656996
2039006,3793983
13894,2735117
1056926,4152610
168120,3646601
124947,3190511
863024,5827845
2511006,7104172
147273,5284540
4593,2705196
2212986,5284540
1780398,5531825
109558,3118073
2202561,3839843
363211,3086086
1472306,4013385
37427,2688326
3711,7903057
261447,3925104
46969,3033114
1544808,2968435
100521,3685256
112615,5305617
2491217,4145805
141752,5321422
2100578,2706394
447670,7272731
40707,7155291
183674,4122658
2015165,5595285
145284,2755523
167560,2686170
57053,4152811
1716007,3090626
45372,2685484
460784,5685264
548140,4132316
470522,5363135
82317,2753456
1879258,2931312
93213,3923082
347883,3052501
941581,7313936
170012,5361889
154290,5316701
158152,4133088
133939,3036292
158384,5415040
1716016,3090704
64595,4096510
148566,2650435
859264,7319016
49565,3632000
397273,3756945
54798,2683946
50176,2685181
54800,2686157
2003510,4152149
79002,2753380
348281,4130547
49827,2965732
323096,4140151
669720,2816213
374971,2755142
158170,4125467
2057969,7865783
62927,3614185
859262,7319035
117957,2803463
2056095,2930617
196585,2874186
4535,4135983
45689,5359653
3821,2960383
74649,3005039
55571,2754476
1928487,5299312
59281,6068659
179741,7266444
35708,2703041
161868,5317530
91528,4105600
1245682,5674076
167989,3646556
183944,6058838
2491241,4124745
553048,8143162
1520938,5373255
576365,3089154
1137557,4130126
220438,7985821
404689,2931071
106546,3000679
58530,5677805
330163,5568446
662772,8121969
101622,2775592
13129,3188736
2546644,5677455
1867301,4125138
1523625,3591351
126418,5415056
4543,5828197
1676596,7298393
1716034,3090616
63062,4159853
215070,7277247
1603294,9716827
342001,2828709
51239,2803398
316486,7296742
294294,5671789
362359,3802342
49555,3634949
56905,2687717
2491231,4109884
163010,7122825
860753,3645102
4690,2753336
82096,3035369
40966,5566202
120634,2687286
2491205,4152283
1715390,3710283
357961,2874570
337465,7304647
22663,5420901
13429,3033991
13824,2650436
796727,7293094
23207,3021850
62337,2706026
37717,4131139
43891,3190484
941567,5528356
146037,4139388
146652,8104555
414717,5373418
1127806,2706026
1716015,3090570
85337,3606863
3916,2982380
78168,2874190
1082184,5373286
60118,7846556
497687,3057656
212708,7102937
1306921,5312987
486689,5599091
2211419,3118069
126421,7996293
173852,2705834
231663,3033546
330157,5290201
3917,2982583
101629,2735641
329890,3023046
1504635,7589470
86722,3153030
330570,2704442
54732,3153260
4486,5289789
53134,2814339
84005,2882803
2501417,2876043
322100,5318948
39511,2766613
204340,4088297
96568,5553933
307507,2641284
41786,4191588
240449,4933082
313903,2705619
279669,5300486
158163,2702870
166816,2857444
219064,3925451
157791,2982380
653049,2953849
2099428,8354374
396313,3615532
669084,2960284
2051922,4133829
365556,4096399
947974,5387539
313104,5356412
308174,7268240
185702,2966796
519533,3030181
2017768,4109528
38873,3172358
1043422,7315754
2493992,5601902
1680231,9766523
1592219,3622034
1670882,2932902
42072,4121638
335807,7300347
80753,2876088
207839,2650827
13258,3588934
3832,2946183
152096,5662866
2358324,8150344
36592,3176354
58047,5284483
1609849,6135784
1392673,8616098
397682,2651567
904691,4201688
115664,2929892
2034236,2874570
86726,3153270
714646,5367878
239685,7277127
434245,5568339
3435,3034046
81971,3052450
1752765,4193804
1903712,2672619
65489,2703457
97170,2685681
2306360,8241774
1393207,7266666
3414,3152873
176616,5400613
362345,5580863
717594,3118075
40247,2704854
467197,5316491
137435,3032178
158541,3588727
1716026,3090615
862985,4153735
1896641,3172439
1592803,2672681
167341,4105523
85438,7762188
321598,2999200
1986163,5943119
361918,5359374
1917008,5373284
66672,2874863
1667030,3899258
1245586,5284575
673200,2704851
330585,8303121
162678,2955818
3922,2977323
147939,2650660
1905278,4259120
46220,5284555
350427,3685992
2491214,4149619
939149,2772564
4577,5290052
414607,9671412
3284,7319895
692148,7642564
86694,7289120
1393007,4125079
3759,3021335
981085,5569682
40796,5371645
136122,7304140
204586,5529644
1716023,3090573
2491242,4124235
50452,5375020
330559,8335407
56032,3172370
460789,7304665
53737,3116842
350585,3789029
152094,5300608
381974,3137128
2491215,4146005
82311,2753364
2049519,4182603
261423,7441849
63677,3052450
1260345,5678107
1043716,7303600
4208,2888794
82095,3036892
2211416,3118073
59097,2754338
1393008,4137471
192012,5398421
1720319,4181638
858900,2856707
63060,4159324
335806,3981552
89194,2684174
179350,5316521
158559,3589814
2072996,2755797
1498489,2828668
4212,8002952
2491225,2705999
161865,5317521
332338,5559071
66014,2705275
4686,2768885
1716039,3122205
47082,2971095
3555,8971274
381410,3084923
280850,4143504
141191,5420912
1640672,2754496
100170,5349242
2528931,4140180
154289,5317107
2491219,2706114
872479,7125869
332337,7599622
173386,3190715
2057634,8372153
2034244,2874570
55576,2754460
1220052,5696768
165499,5537977
47635,3940827
366476,5289764
243020,4205319
329798,7379138
237942,3856771
63057,7141659
2490641,2857331
106569,3001632
744468,4134240
158383,5415040
47452,4142942
2491093,3684863
377232,8310735
1430397,4007656
126416,3172384
295326,3040237
334596,3033455
165710,7270682
665996,7295789
148577,2650564
748699,6374393
545886,4133851
798276,4151666
1642853,7262947
82502,2742237
63349,3981308
43335,3040233
1517518,3041285
1312023,7863927
1716009,3090607
193335,2927294
4108,2932643
2479193,9274560
2563121,5415036
28979,2684904
1054456,7277323
3873,2963817
59082,9338262
2528922,4152613
65730,4016126
3659,2874569
86990,2901228
2045231,3118080
1980159,5677407
64134,5553945
173847,2705583
1716017,3090673
77586,4133890
1905019,7277579
360304,5418406
381981,3089479
50181,2687843
85887,5371655
459176,7155291
96944,5612297
221257,5295896
39367,3889108
283872,4932408
161873,5544654
29712,2816250
216510,7331697
1872702,7316005
82279,5409371
28966,3827856
328401,7269010
51255,7902463
1111104,6376282
46105,5383959
168834,3981642
1354197,5317606
183483,5316652
1803730,2651848
74648,7445557
110894,9338734
96477,2638421
3719,5375388
3330,5284745
139401,2876013
263258,5599975
82313,2753253
112607,5305668
751589,5678671
1198658,4124959
48119,3034648
192261,4088196
153554,7319933
253616,7300394
141186,3188725
2029437,4096460
13044,8591421
520510,3190516
300888,7820439
363218,3647219
32172,7335697
78828,5310951
76967,8241662
2491218,4145239
39026,5286381
1547847,4136483
49390,2895528
13007,3750475
451078,5275443
434059,3051147
159030,5421333
927809,5303905
28930,2882316
1435565,7334992
2184935,7317816
198035,5347844
2003516,4138176
1035811,2771232
751723,5674439
1499537,2846796
196578,2874204
226102,3926225
328402,3834219
225553,5310664
886359,5290171
1220049,5699339
2107774,7434922
106635,4150293
751720,5289626
499988,2968813
553054,8604890
40148,2703463
4540,2705090
34278,3152671
666132,2929732
425836,2685569
53205,7574732
2042393,5319246
176866,5332311
106551,7921360
163685,3827595
587508,3090605
57323,2650245
39553,2770323
711536,5395509
221758,4137039
72664,5375201
126279,5373254
1756979,8375594
1983733,8099462
4129,2927545
474354,4047906
112883,2928809
4570,2706415
1715883,2816275
36777,3039269
39631,2650105
17515,3663231
310672,3986548
38541,4047755
751736,7361239
65491,4110185
99815,5284272
1071202,5349274
2056447,7298558
52688,2642105
168575,3768558
1177209,5359660
997066,4117506
672195,7863463
29695,5290149
79824,2706099
28511,2926672
748691,7277064
2003520,2703471
2479787,9809109
362341,2928878
121787,4129635
53104,2825192
171900,3923441
49451,2928765
550460,7266421
74654,3008635
1857146,3928716
547433,4109452
864768,3052468
941580,5528315
1571923,5299301
62891,2930908
198265,5680393
2201377,7421641
48032,3034714
33128,2888443
3707,3042751
185542,5414252
452972,7152692
1043513,3592374
798316,5672585
86742,3153368
220640,5295915
119829,5345341
38648,2650247
252529,2874622
2017775,5948368
4522,2706241
4214,3110588
106132,5372258
39350,2927096
2056445,7496422
55570,2754610
84614,2650829
140576,2853152
1705841,5529383
369350,5371610
97044,5359475
587499,3090566
48532,5300998
2042888,5415619
2033002,2854729
306069,4039250
587503,3090617
798336,4153342
49840,2959073
78191,9202524
179091,3745200
115666,2931415
408194,7102969
93926,5284840
1885598,7330858
191680,4120808
222567,8068041
1716018,3090606
4428,2882398
1898257,5685130
1227975,5290087
1737302,5792597
182325,7313927
1056488,4137298
1499532,2816321
51002,3702480
99064,3091999
228586,3874408
3855,5356407
86865,5371653
381997,3141097
16897,7326263
746016,2684616
59895,3112361
4049,8418338
88056,3187983
2126388,2706394
2041603,4134597
167593,2755178
40922,3034646
13413,8060423
1448044,5393642
65729,7125851
1424547,2705614
166594,7325877
89789,2753312
1471837,3172308
3708,3042636
35938,5352251
45251,3052529
1672019,5373235
751642,5678867
241841,9710870
172645,5317673
1297873,7141651
191701,2685278
358669,5373339
2056450,7759787
349366,7276576
2291130,3988990
2029431,4097286
1755025,4151962
79832,5674318
862994,4108453
78607,2876094
112611,5305555
3668,2874672
55578,2755608
39848,3085368
60117,7161042
4529,2703463
751716,5290130
170708,9662775
490730,5384852
38705,5290168
203094,2742059
3685,2874183
37682,5289779
640775,3926315
587511,3090705
329777,2929062
714455,4181342
165702,3797972
4083,2931761
2491092,3684963
126361,7326156
589473,3982033
52491,5537806
29746,3037015
105594,2882420
145980,4140305
261434,2769303
650144,2684844
1517519,3041285
1938265,4070395
86699,4017086
196898,4154255
3657,2874570
237963,7272684
743505,2857221
2491094,5558488
175694,3173178
2108135,4007392
872913,8231191
2545979,5284568
549149,5549939
187269,5409255
47600,8201164
270102,2706188
110835,2705325
47636,3934603
2486839,4144185
700922,4088253
667250,5366691
939154,2777024
280455,2795473
1329983,9596941
374961,5295889
434060,3020755
124782,7604003
167342,2703246
164263,7806873
1026954,4004413
75708,7266635
50458,5374672
140660,3021229
49664,2863311
2491213,4146864
126363,3172303
264947,2688302
4233,3119175
1716027,3090648
28532,3872463
3277,2650999
185562,7315793
179740,7266574
212734,3034113
3878,2965354
416047,4135005
112509,2706056
451070,4047699
165200,7270743
38684,4136052
2079031,5575475
37660,2975756
126820,2957966
221755,4141347
99507,7867898
42053,5289743
48929,2683969
349246,2882430
798304,4136722
2072995,2754659
1905858,3033671
179354,5315559
86093,8394552
4232,9206251
323707,2747826
227903,7287927
608512,5341394
1736656,2703459
183675,7738766
1489476,3684137
1245316,2703885
154493,5356714
3334,5284917
2547368,3710153
336383,7300339
162306,5284862
542762,3189635
264931,2688265
983245,3088953
555431,3625902
381977,3130339
35935,3086811
1620016,2706113
4222,3138327
1611548,5393637
43943,5273604
1812844,5676939
13825,5274878
4505,2706301
169987,7413879
108544,5300358
2491227,4113923
39524,2769112
109171,2974683
261448,8332947
4563,2705536
182070,3032762
29808,5284568
305658,8192249
616962,2995051
85378,2753478
388472,5613335
2491240,4125068
126903,5341784
2491230,4147266
242209,5567542
188928,2686170
1354201,5315347
1170341,3859899
78707,2808791
329150,2755630
459596,2789676
36774,3042845
3654,2874621
38723,5293058
1428164,2705184
87670,3176478
259893,3120648
2358325,7606945
242290,3035134
1262099,4145435
1716001,3090633
1735015,7270734
77605,2706406
46142,3084012
675859,3052450
146995,3150814
420675,2793158
64045,3921650
85369,4937259
996148,3659381
414630,2651608
3888,5347845
941476,4114348
28472,8998684
662769,2752044
3371,5284231
154765,5828220
118247,2643090
170927,8377689
2107772,7266434
1867303,4128414
495751,7502977
362373,3802189
1716002,3090630
40149,9167736
3636,7518426
1132527,4080574
743498,2856725
3859,5356514
1489473,7326229
85622,2687216
246360,3992808
33109,2705162
160545,2706190
46379,3034602
39634,7519921
66004,2702536
197924,2874200
688333,7266641
141189,5635525
2491206,4150790
96521,7325947
336974,4196470
34314,3176896
98020,5373789
191878,2944317
81913,2927548
258455,7299219
155132,7306109
1296280,3683832
200489,5404194
263335,3867318
3726,7678610
185002,3189723
1716036,3090579
89484,2685275
798323,4144827
134766,6364219
1917009,5373248
1716010,3090624
56065,2965911
338575,2702808
142615,5316652
32224,3024146
98722,5388602
3415,3152861
166818,2857017
106892,4105722
2491246,7475694
425844,2685314
397392,5550015
2316892,7339614
2053062,3668643
217619,2874570
154761,2706022
1545468,8283202
3483,5361880
1045221,7277188
53230,2963781
50514,2929673
4138,6410563
37657,5384805
308872,5311033
55183,5415054
4533,4110272
1850528,7549478
153490,7152728
13674,3745294
207932,5298923
93293,5294777
2546637,5675194
161752,5353593
289753,3190553
1661584,5308528
167990,3646524
55572,2755116
152089,5300425
1567104,2874621
106893,4149653
58923,4141692
591208,4117496
13748,3172407
2518629,3084015
93677,5679133
16918,3663443
1716003,3090660
28526,2930397
2056444,7530490
2546638,5677764
442738,3625692
304163,5371721
798338,4131917
39545,7607891
1716029,3090641
1448043,5393638
20340,5356354
40003,6370198
29710,6406374
126368,7326036
666133,2931374
382038,3098748
1841493,3922365
1247859,2771086
4371,3191150
351344,3040196
1905020,7277198
2491102,5549816
113636,3040249
3339,5285750
1872703,7315801
2054433,3701918
363216,3647191
280454,2795457
1716006,3090662
106774,5373413
2023767,8338002
37687,2705666
62892,2930498
1118417,5592349
129567,5415040
1962071,3850981
158095,4112501
67778,5284798
78998,2753124
206448,5383956
93611,7300283
51447,2769650
82538,5634235
159033,3190164
145953,2793334
1902783,3804010
84044,2753079
126273,5373255
2491236,4147182
126566,5549884
3673,2874581
2491234,4109282
211003,3153567
355589,2688470
587519,3090646
883134,2704112
292815,2684578
1938269,4070067
227308,4070026
191923,2950907
260675,3625099
29650,5329315
3972,2889828
108546,5300784
74718,3042459
34282,7569631
104537,5273606
1708480,3032678
1112305,3044912
1234501,5356371
159976,4068523
1822401,3040551
74613,2965770
133946,3034944
1715999,3129202
145286,7314083
1304680,5334275
4084,7390679
167339,3232883
64022,5616625
183030,8298495
124780,7335142
158156,2703626
205524,2929847
304445,9557964
122812,5406998
88034,2875893
151521,4153584
63744,3084022
3702,3052436
239565,5275131
151231,7673414
3691,3040227
283746,5373322
1932074,3032976
384043,2688470
4679,2857697
395340,7308761
2491222,4124313
40916,3632234
362363,8171484
153762,2896888
142759,2929989
489059,2753522
3077,5270961
2491228,4110429
587501,3090554
637485,3120791
165353,6027415
1071399,5290143
1716028,3090649
263836,8309687
460778,4178215
81972,3052468
36610,5362215
125444,2848735
189255,3118072
884032,2684610
751591,4115927
587520,3090608
1716020,3090600
147044,3025437
197613,3005039
48924,5359650
292912,7329062
61222,5567780
37395,2688584
29719,2927175
52545,2703456
165789,2932944
1704221,5289821
93694,2687186
176126,7631479
338574,2702820
66012,5289620
2491091,3172306
41913,2650123
3860,5356488
700990,8300054
203761,2926005
2358316,6070572
307274,2684170
171883,3672337
319931,3591367
1629762,4932161
1071199,5708628
1382063,7325992
1276776,5356614
153571,2984672
473980,3042077
69404,3122433
4534,2703456
4039,3034742
414665,5275432
200572,2706026
77070,7266360
859267,7319016
16924,7322122
640773,3927200
158093,2705932
2022365,9211233
2056446,8420749
2567863,7944367
246709,7277198
121770,2702798
362352,3802419
28974,2891641
796746,4139425
147045,3001102
463594,3143105
209793,5286358
1755046,4117984
1245227,3819279
101015,3029801
85363,8244887
2099417,4092606
165700,7299482
362732,2883969
176864,2875860
2583285,8368566
113208,5341792
637479,3121398
40584,2703085
587510,3090687
1269200,7794636
47602,3940811
57205,4129103
2491221,4138560
2491224,4138037
57921,5370415
29679,2706164
1859060,4149504
329760,2931542
146539,7469977
2576876,3988367
587507,3090696
1465651,7324452
2051892,2943288
3469,2888439
316474,5664118
228393,3036366
56890,5286163
45187,2984532
195526,2770089
68554,3190154
35874,2755489
58030,2683866
1716008,3090581
2491216,2706114
126548,7326009
45690,5359654
3486,2984535
353977,7298320
192972,5300527
162053,4204463
512611,4110556
2547459,3591259
332336,7444768
102167,2646637
1485642,4123452
1532388,7773502
977929,4148073
1716004,3090657
435380,5592249
167343,2703469
4532,4110287
580341,5304576
266536,3864733
883788,5420987
73275,3119232
338654,3760916
4483,5289788
124929,3128962
80755,5332286
4006,2873861
47970,2929618
39353,3170823
146655,5676003
4538,2703464
198914,2972043
2528937,5677398
488919,2930023
362364,3802266
58937,2704661
227902,4001151
1194695,2874570
88033,2875961
64478,3189693
154679,2852481
122810,3188724
262757,3745136
537175,3051311
222885,5272051
41396,2925649
94219,5317489
2035532,2875885
59689,3052468
20997,2977331
126362,9594152
59677,3591410
983195,3022277
22694,2888437
2491202,4146596
1056843,4933084
182324,5528305
182309,5528313
58228,3189571
416286,3014406
458695,3172297
80379,2932942
1503374,6369770
1985980,4152382
29662,7952471
190524,3189382
1716025,3090620
171822,3049685
184084,7313938
1902425,7326895
2017771,4147795
44015,5359655
29655,2863967
214676,5318941
158147,2705587
1050841,5537973
231188,3586783
160581,4108297
87684,3177330
424906,3683595
101020,3029817
1822400,3040552
278950,5375268
4414,7795516
128741,5393641
1673703,3867146
2003518,4124235
1822399,3040559
1442572,7100404
490843,7325997
34301,2882437
87669,3176597
161867,5316187
90675,9073641
65988,4134593
151430,8324181
46147,3084719
1565112,4137928
1716014,3090575
39288,3742939
40702,7399880
413747,4927713
362342,3798708
375264,5415571
1097620,7437208
287011,4221673
151328,5341394
1755048,4151676
248848,3603789
329082,2684080
200492,2959035
1716022,3090603
264428,3051438
2003513,4138362
34190,2781074
253612,3981102
1747705,4137894
1750592,5609143
369043,3044507
858887,5318906
313107,5356401
4109,7653915
41604,5393636
29690,4110094
327218,3038331
674062,7313818
374093,3839645
1798769,5395525
224738,2687646
56040,3172343
4536,2703459
451084,3750054
50187,5284272
1036297,7824053
38686,2703641
210377,3625315
38859,2927177
2057968,3684622
110913,2702847
1339356,8207022
240045,5568428
261426,2770004
139403,2876044
158120,2705737
304161,6402729
2501769,7266717
55363,3032980
51004,7329053
156521,7270218
220690,2943200
1611547,7595055
165716,7696280
3850,5349428
4528,2703462
2546643,5677471
58936,4137924
488922,2931659
1716032,3090706
253613,3980882
53218,2963961
179119,7508229
134526,3856277
91218,4205640
330558,2702451
48401,3981432
128609,4177857
1648221,5641793
137888,7270272
477955,2870127
649768,4120843
682621,5293875
97307,3021037
293558,3112345
339208,4023166
1882728,5415661
3570,3085420
59788,2705868
314391,5289624
3262,2687927
748687,7277587
382033,3096721
2545980,3984105
34193,2769435
1716021,3090647
52853,5384805
28525,5341511
16922,3082210
1035810,2771279
387290,5616047
313900,4109088
3712,3042845
39325,3922060
65968,4104775
414602,8664882
167584,2754673
49541,2695149
58046,2684855
315339,2932138
74614,2965745
141753,5321373
38872,3172327
268844,4070021
111851,2943139
476139,2927543
1112727,2756019
714439,2951851
77065,5372800
2491095,3684502
51351,7903057
53175,2927282
182084,7317960
675858,3052450
327892,3040233
435377,5592348
1716012,3090614
98240,3874338
1296274,7572568
744259,2876667
333970,5394473
83309,4109970
226115,3922929
347889,5375209
180558,5598535
153558,5541322
89493,5299303
500244,2706173
198266,5361877
37425,5710306
302551,3052509
44682,5372237
859540,2753264
147425,2929907
226101,3930629
28929,2882300
1970665,3737606
97169,2685654
1282094,9202524
1055743,3925756
435776,5673546
4487,5289785
335152,5316149
1238142,3170823
15368,5290143
47622,3934269
158122,4108555
798321,5679570
412743,2651843
176857,2875922
3403,3153228
107604,3084672
3818,5353770
176859,2875787
1755026,4151563
84056,2753218
1977234,3188724
189559,7329787
459177,7316508
906689,5316652
684742,4180580
1678924,5361880
35875,2856504
313081,5356477
50507,7696841
39855,5584611
126561,5549937
225203,7269903
154293,5316652
2060075,2964812
1245680,5674238
2498012,3150753
3332,5284827
269605,3642330
44588,5372246
426352,7266860
1352232,5300394
362351,3797288
1137531,4124244
184485,2646696
32120,7289077
201515,3897666
4076,2928751
459593,2797295
590039,7304749
1462506,2798075
129566,5415040
126540,3684014
555432,3625855
3862,5356578
87679,3176655
40888,5371746
1716024,3090702
187337,2903802
1277824,3861287
33113,3802655
149022,7326080
34148,2657004
1905021,7441624
210386,5371678
53046,2820423
29780,3190638
108411,2860922
593754,5304529
47965,7263012
264924,2882429
255881,8062426
692125,2985675
1678212,2650876
1094858,7156471
286842,3033368
394301,2755185
2099405,7298533
180062,7272554
1552703,4105992
2491235,4109079
2056452,4091126
486853,4109390
38868,2927004
112863,2928835
714457,3774284
80754,2876072
1903715,3805792
4373,3191259
204517,2953747
658882,2684835
346293,7319290
424914,7326036
46397,3039046
34270,5415039
325984,2754595
49786,9396295
3870,2964167
3696,3040232
2184936,4117686
4443,3189636
142614,5317412
121482,6365882
155545,5421085
128653,4180538
638627,7272556
158166,4129476
1564034,5674566
38687,5289841
2491101,5549870
79612,2888730
189576,7329787
261450,7277323
251593,3643075
1125365,3684654
56742,2753786
161261,5686494
587517,9370836
90397,2702808
159960,7339623
1351828,3921720
348265,2706251
49684,4256028
2138605,7972896
78812,9111729
13006,3750517
1480154,2688570
1611279,4124635
2546640,5671812
118781,3040195
87688,3176999
29722,5384397
75712,5372917
548150,4144977
262758,2704740
63353,5634430
713924,3811075
1408201,8031426
569774,5308555
261786,3131614
1053105,4182521
2056448,8170827
240451,2704070
798343,4126336
3747,3029912
210370,7299081
1980154,4136858
169268,4192715
152397,5669180
1161137,3090636
1914264,3902255
56901,5286079
32188,5579449
264939,3584898
64029,8254182
194712,3591703
231718,7795888
89191,2684887
113624,3803716
1365876,3181064
587670,3883019
40583,2703085
798269,4151738
65731,4016824
158149,8100050
3677,3624240
85216,3682631
1716005,3090604
1518434,5318863
117953,5308651
103965,2683942
271221,7884797
1547872,3052528
4182,3172622
172643,4159452
265783,3120722
1196480,5387504
101013,3029834
2491226,4113971
2491238,4125149
3316,2684171
38787,9118014
4424,2882446
1684752,3738221
2107773,7266706
47634,8201164
2057972,3684325
432642,5615978
29728,3047598
2108136,5641137
168123,7320007
170584,7355846
226099,3922835
224736,7272452
864766,3052468
2567862,4055563
53081,2825513
71402,2686212
13821,5275398
266767,7266581
1828746,3842216
2017770,4147813
885028,2671805
1085342,3682961
47631,3933039
113480,8344091
798273,4108363
174170,9805393
103871,2931061
4604,5671821
78745,5316009
44573,2646253
39899,5384834
240450,4933082
1030390,4015917
58532,5289790
2267877,2875892
1525191,5289790
182298,3590429
41486,3122433
32239,5370380
1716019,3090625
1245685,4116657
1465622,4125155
50864,7503031
91120,4201688
165701,3798719
2017959,3042328
313893,2705565
2304587,6711753
3847,5359660
1671323,3858747
263294,3867434
120273,5284562
211937,2705228
2486838,4109976
98038,5375242
88032,5284570
107817,7299506
304102,2965280
2583372,9270363
699964,4149454
179356,5316500
2011089,7536923
38726,4139502
221260,5295929
4091,3799457
158098,2702822
1081051,3683076
91144,7334050
111431,5674869
3721,5373475
3431,3915848
208742,4015955
2041848,3625919
126403,3683811
130458,5677942
1915067,7768873
163309,5273583
1397840,5567655
382006,3134192
4537,2703461
145989,4126610
38722,2704740
70964,2965466
39875,5384774
35608,8373355
49763,7348912
1716030,3090659
109601,3046173
86979,5295841
3694,3040184
182310,7313919
58860,2975768
883138,5673616
1611549,5393640
1986522,3881810
1245684,5674034
196582,7313512
1642857,4048274
1611546,5393632
992666,9574892
75067,2999200
1867302,4109131
123601,2685693
65703,7800235
64047,5616556
1716000,3090602
22666,3188757
91146,5362004
330575,2704447
2304166,3152671
424909,7887223
79842,4146785
181002,5315372
587506,3090652
154025,2686253
1132989,7699721
2491243,4123827
873093,7809468
54469,3896998
55605,5537879
221256,5295892
97980,3052541
457735,3092691
362357,3802360
547455,2705620
315350,2931882
941582,7313927
29689,4110185
405728,3818540
319925,7731732
93211,3925350
2029563,7421641
59045,2771077
4682,2856681
318917,5675642
4572,2706411
1822402,3040547
537134,5375258
552857,5588218
1569042,5373255
2501768,7266372
798322,4147250
147919,3589979
381124,5290052
253749,4025674
59062,2750611
319220,2874569
338578,2702806
38588,2671271
120290,5420380
61564,2672635
1312900,9206251
1716011,3090571
1390594,2840877
168559,7262943
45834,2932737
58039,2684709
192264,5667792
208758,4017435
493391,5650856
1906385,3041758
165205,2687628
1265925,7331082
1739658,8141711
457768,3044743
226209,5323092
415155,5386134
374095,3839517
86774,3153837
1623358,7319002
608811,3724651
47080,2965778
36012,2687779
83858,5295878
1118407,5592364
2528930,2705418
229049,7262362
164262,2840611
1393206,3805800
215066,3920874
401898,3121593
83307,4109867
2003514,5672571
92927,7339073
2576875,3989199
450940,3590904
182323,5528333
74651,3004247
13818,2651816
858932,5317150
227895,4001417
192314,7297850
99437,5421047
65948,5708806
13443,2895345
866555,2704348
121094,5341394
171908,3925866
1969216,2706088
43782,7263106
374096,3842891
87672,3176610
49683,3830405
63056,4159728
2138388,4133841
587509,3090634
119999,2741694
179994,3850935
362374,7686979
309532,2795044
1533308,6026408
75702,3804846
353963,8323761
182415,5832015
142613,5317763
2291087,5395452
117272,5384390
941573,5528324
161753,5353598
342060,7307728
167908,5549923
387127,2874564
319928,7313983
39106,5579436
765816,7266666
1262544,5394473
1126415,2752128
2491232,4109547
63680,3052468
2072997,2754777
3662,7393329
37685,5672421
1170328,3860234
357851,5537667
1672020,5373249
330573,2704446
50240,2772636
445235,2687220
208936,3049933
2315473,3624285
102822,7383938
1582009,6374525
469460,8424867
2003519,4123933
167760,2882268
669661,5373235
3281,2650903
90345,2685383
3710,3042658
1478599,8160903
161870,5317187
186955,5395405
97325,3022609
531291,3747014
349476,7318939
226103,3926850
73824,3040184
1286644,5305636
4460,5330776
2491245,3684585
744039,5300797
194713,7313823
487038,2684633
66636,5421118
2137014,5598554
1637976,5641096
157702,3112362
4098,3798939
126675,7126994
941568,5528357
1382008,5676921
84053,2753192
1980291,8321422
713886,5633910
198824,5298821
1716013,3090561
1279188,5575483
476207,3738793
170926,8214470
519246,4154959
2044838,5648396
185543,5534202
1718245,2704501
154291,5315454
2003517,4117554
1536645,3806510
169179,5315469
1620017,2706106
152091,5300809
79857,2704414
85370,2753081
610235,5685218
1392717,2650857
286952,3033353
2491204,4153623
120620,5285951
1522199,4068423
587514,3090567
77057,6043516
2003511,4119609
412662,3052538
42043,9172281
345916,2706541
4421,7440887
261999,3189635
90037,5394645
591225,4131414
164275,2651799
78478,3927581
3180,2646897
106888,2702446
461633,7268792
185001,8022932
656325,3638241
459172,7155259
35925,3032984
141187,3988234
2038705,3815530
158129,4933007
1755061,4111099
587515,3090668
159424,3586769
412675,2874570
416032,2705687
1418012,7286036
40321,2932944
88036,5836522
941570,5528335
151230,3759078
168561,3768452
354034,4094182
1821576,2769061
4217,7353729
4082,2929299
110318,3634917
54711,5371772
1387641,2958654
1244996,7266788
4096,2928767
492483,5318958
1653186,3742306
341669,3112364
361940,5633208
270988,7730307
376444,9704070
55580,2754395
700924,4087359
798536,2840807
215071,3924927
2576877,7882739
227909,4001208
126360,3682433
241767,5299296
28980,2683909
83308,4940606
308435,3839335
104588,5275012
2491220,4144546
211939,2704395
1898425,7270797
669134,3121341
329084,2683955
235734,3156192
149405,3101208
122250,3745193
97979,3052535
321550,2958706
157165,5373255
110450,4109867
3827,2947311
4045,5371879
173912,4082115
330556,4124321
56892,2687707
141782,2926415
1501231,3023152
28529,4030419
688348,7266778
337188,5580938
1755056,4123418
113210,2932943
1155789,2777430
2491208,4128150
374097,8323432
140003,2681651
4426,2882443
228871,3051150
74647,3003244
63629,4109837
1433400,4108067
105268,2888706
1056944,4144114
496568,3639786
3352,5285241
90346,6035568
150983,3190712
1306438,5676228
76119,6026295
50196,3105785
934068,3768561
56867,2688573
141790,2927424
162677,2960735
1582844,3140729
329779,2929691
1056880,4117523
53061,2803309
112568,5326179
542733,7647795
167987,4938757
221254,5295929
25625,2685171
186954,5395398
196905,4134295
4043,8193935
97167,2685636
245822,7500620
587513,3090619
1716031,3090709
40716,7316524
4556,5289684
3625,3189694
1071398,5290143
113205,3171304
1539464,3172392
2546641,5677628
151439,3021437
40788,5371609
48386,5341394
80369,8120010
50346,2703911
362347,5580835
69994,2706394
91242,3146717
1882473,7270012
159055,3838164
3864,5350010
2041602,4136493
139404,2875940
29687,2702717
28909,6109637
2315457,3624285
55373,7157705
2491223,4140528
1400639,5671564
37679,4124025
167573,5301026
323895,4134946
1905279,3033300
1235665,5628967
1812841,7286036
1715365,8098986
1081573,7308820
307165,2688211
50123,3789290
99046,7970844
362366,3802234
41220,2740024
158558,3588500
1035921,4151666
138327,2857379
137178,4940390
93977,3172278
45325,3152226
130512,3861607
77060,6043471
4396,7889215
77588,4110225
119954,3188513
3900,5359330
147282,2685300
2491211,4149619
158141,8993776
3449,5371685
1262102,4115002
142612,5316408
369024,3050522
62330,2889378
1237795,5549809
1523627,3189635
120259,5284502
1986162,4142777
39329,2927305
587579,3190508
126541,3683988
28978,2684155
79081,2975677
2267878,2875817
63459,3083935
3317,2684178
2025843,5310704
265675,7310734
587518,3090708
1137891,3815530
167337,5677150
13727,2684102
167985,3647215
4689,2753211
47742,5347845
1348125,3625998
2003509,4115872
3076,5270956
1906384,3041862
44683,5372277
63051,4159921
126905,3798410
48545,3170247
231665,7277589
355900,7263110
210376,5331162
82312,2753253
435756,4109235
13331,3033965
229472,2741536
2563120,5549827
1716035,3090631
1859058,4133319
1352234,5300495
2267876,2875871
38785,3052509
1184750,7303618
4081,2930137
226208,7308369
182317,3590844
81970,3052450
56029,6433032
432648,3922373
126543,3172287
29684,2704651
79855,2704432
3658,2874570
29674,2705953
1454364,3590446
57649,7100404
1930680,7348912
156270,5284513
71234,3041285
151332,3022504
1268173,6364219
4555,5289698
85282,2863343
1097642,6070915
161756,5374118
92921,3145214
1692140,3988684
2201376,2688300
512745,3639759
143389,2876008
299116,2882432
101653,2753451
257763,2703197
2545981,7670032
137943,3036865
1088818,8135390
154292,5316426
330583,5677426
62335,2703935
1585701,6026426
3218,2674024
331189,2785323
173909,8846035
75722,5582578
354530,7269177
429560,2948930
423499,3032681
41398,3683008
2501767,7266341
467198,5316334
140035,3172489
89481,2685116
1117035,6026843
2041849,7317960
1276802,5356511
516549,4036422
3258,7924597
266091,7356096
2491244,4124815
148576,3744639
42345,6109699
237862,2874210
45005,2739622
48666,2856860
3908,2975014
157670,3029817
101609,2863308
2306214,2875793
1243769,4132277
38708,4129604
268114,3094819
187461,2683884
55575,2754732
326261,4088239
45318,5554574
34199,2777724
29682,5289762
141798,2927429
714519,2963953
2045230,3118066
295327,3040231
293749,4136488
308688,5284811
126358,7326165
99806,5284524
162386,5305687
2315787,7978633
28977,5284278
1078588,3048867
476039,3033129
28502,9080185
152093,5300591
1120798,2874570
1117039,3116861
66699,3702689
226106,7277368
112879,3802772
381990,3090590
43946,2646669
472368,5591008
208873,5361760
1423317,7266574
74650,3009087
80751,2875850
180069,3855866
587525,3090601
126556,7326029
369422,5331268
587504,3090663
73282,3119191
492479,3806067
242124,7266406
463890,7617789
227899,7287970
126542,3683966
126429,3683164
177115,5674860
1030197,5285964
128608,3033987
354018,4091763
2491237,4121413
4102,2928859
253203,3047367
34284,3940619
82315,2753480
41561,3112374
203478,9613389
257623,2683904
2017767,4109537
389174,3172386
93925,2688573
375903,3594822
362346,5580841
46367,6027105
148623,7270449
279737,5341394
1630365,3861141
56917,2688613
72925,3090675
192259,4087388
300125,2704075
2022354,8960721
1006121,5596898
542719,3590783
2041141,6365240
287721,3036875
272862,2768953
374968,5295978
265764,3035388
82318,2753520
13383,2684320
524874,5677293
1978917,5537969
50765,7761022
1293079,5678409
374099,4934494
98373,7909756
1671114,5672587
1209471,3136953
45249,3052544
500268,2704340
28982,2684191
4230,8584304
1278906,7451394
1505646,2687739
1245681,4117461
126553,7506783
60698,2891785
446036,5311689
1227758,4192792
146640,4106071
1352233,5300642
34307,3177386
1510014,7141651
486854,2703273
4073,8403992
1716033,3090572
13451,2875979
153521,3646891
363749,5316532
193516,3039285
97171,2685601
50225,5394163
84058,2752992
2483298,7478860
117583,3086314
237871,3587301
1697098,5674133
99438,6435171
374964,5295973
1049916,2742172
60851,5284442
1671078,4123833
2047783,9764749
81729,2773942
395280,3121436
47621,7279275
167570,2863309
4530,2703459
101007,7738624
2137820,8235099
59691,3052468
64034,5616598
1982072,9122387
745662,2685646
399647,5289831
38727,2705081
203015,2985688
182300,8307542
423500,3032655
41844,8244689
2491229,4110374
109559,3118072
39358,5341297
3535,4929996
1892573,5332282
2003512,2704346
180010,2927230
40722,7316518
158573,8207569
4547,2703912
78457,4256698
486690,7412977
153727,5634432
4692,2753278
338576,2702808
798271,4150569
1517517,3041285
65409,7309014
179998,3855904
106773,5552489
212706,7330807
147918,3590274
587516,3090681
112612,5305513
859535,2753146
240448,2705865
168115,9354969
63788,2753371
59052,2770868
1333989,3089214
90396,2702812
2491097,3172382
357856,5537596
39527,2771207
126411,3683625
230597,3037725
75706,5372639
4112,9150405
66814,2965316
414624,7903503
84609,2650107
160593,2703540
91213,4205640
3663,2874508
798344,2703473
1266557,4068691
1271601,5641806
748702,3930565
50768,3840852
50191,3105715
1565408,9741998
79849,5290179
132711,2705189
608511,5341394
158165,4129514
859524,5300576
869827,2874569
47637,3933663
110909,7355530
470286,2779434
104666,8582197
263218,5600140
82331,2753030
120602,5284464
59679,5528315
2003515,4124327
4312,3169083
53239,2964566
124846,7526042
100364,2865448
262729,5395467
332435,7304540
63351,7300218
493175,7329785
266284,3638048
56998,2685085
50179,2685280
1604141,4047658
88845,2857132
2491203,4154151
201012,3190513
354529,7269282
4582,2705757
587521,3090666
56896,2687656
165788,2932938
280854,4114066
2038704,3815530
466205,2684773
2029165,8046061
210372,5523984
193049,2686253
1697080,5674393
589472,3982208
256348,2795051
3661,7655426
1045223,7277579
2025557,3587632
1387318,2690931
459165,3190485
137170,5836531
125431,2848856
264402,5375387
62890,2929599
97982,3052450
264418,3042291
197077,3591768
1453101,5361889
1716038,9733867
948960,7263019
3329,5284884
1354204,5951282
153728,3981393
497767,7326137
87676,3176368
536625,3591076
1971616,9486002
192300,7670388
78192,3041689
3914,2982508
37674,4932431
282304,7678610
2491239,4125098
561372,7322071
387591,5678118
1783558,3118078
177082,2642991
237863,2874198
51020,5347859
264940,2688311
357460,7900846
481984,4131515
51953,2731882
106552,3001660
1097193,5319011
170919,4005423
3627,3189694
64480,3189692
743511,2857558
2546642,5673976
3880,2965280
330548,2704106
434743,7535786
863009,4145065
587524,3090586
664053,3040556
2017772,4108095
129946,5585440
1914271,6634957
943101,5685882
63345,5371714
85361,7503031
1850527,5587181
48038,3034922
313097,5356684
462407,3118068
3567,6109611
1243775,4134336
293376,3112364
168491,4055563
37678,4124299
1170342,5601105
175518,3132728
25629,5284517
453927,2684591
1954645,7639189
4047,3034871
490838,3684449
3730,3046851
72657,3051147
1056933,4127473
362362,3802293
3885,5350452
435775,4119690
285590,7520328
60130,8637348
63632,2706435
2501766,3804422
113474,3188525
4412,3697755
323898,4155017
16911,8057620
261425,2770000
83444,2705286
142611,5316694
158550,7313745
29678,4125185
1755063,4109498
49801,5353583
1986161,4116972
385388,8307542
205532,3799794
126547,3682281
1974217,8826969
91515,4144035
347893,5375224
1324860,8106628
1267209,2650150
3879,9151957
1879227,2929616
2109268,3171697
100569,5361904
35872,4109540
1939643,5704398
2448053,5384955
98039,5375247
118713,7987710
188317,7469425
39510,2767031
347188,2974786
158105,4932964
180990,2650558
4567,2706406
4072,2932944
763953,3050357
1523626,3189635
99300,7516558
358661,3050364
941575,5528295
160538,5305552
231192,2874222
106636,2703467
1812033,5341394
2491233,4109461
1481379,5533069
264409,3041503
4058,3169830
2040574,3804145
117265,3004857
2546639,5677761
357959,4937226
887860,3083862
156271,5284554
148910,5369802
2545962,5528343
2211418,3108703
71408,2685783
382144,2775606
3848,5359660
334597,2775710
3311,2687885
53202,7315916
862845,2808765
329772,2929147
561373,7322071
382113,5634431
587512,3090629
44586,5372260
374711,3738478
220689,2943277
41568,7598400
67918,3190472
751732,5674100
63347,5371722
157677,5528903
97014,5358988
166117,5832504
141755,2927158
1844632,5373246
35933,3033839
1564046,4125020
179837,5341394
120732,5665840
117954,5317287
83802,2753090
1204778,7263208
891976,7770836
112603,5305656
2056418,5404446
323693,5549741
45171,7155259
241756,2932938
126426,3172242
382017,5939812
1585705,7883600
151065,5421144
1716037,3090589
264540,3034509
1898640,3867269
40320,2932938
283157,3585046
13288,3047598
1454366,3592190
101014,3018319
382052,3132430
754787,6102761
1183238,2926612
263995,2873769
3760,8149923
447669,7412977
105884,5334240
336972,4196478
3355,2686287
3240,2688176
87084,2982380
1112724,2756109
48101,5537813
194264,4160094
74665,2706026
