1235664
1205707
743513
4113
2576627
46959
577514
48809
232733
2321372
329803
329088
399643
2017774
128685
141795
252972
54724
457904
158385
233737
554072
1980155
72967
210730
227910
176135
2491090
36622
308434
4615
1085088
59292
403101
145987
231488
2491210
4565
564016
1779285
1271610
78740
941578
37420
3767
74150
798294
59279
126911
2212987
378224
271398
260130
44685
4571
126564
1594473
408188
119992
128588
101012
53896
4591
362379
97306
39584
104256
798302
1571924
316468
3369
1603450
141787
4146
4558
72947
2017773
78190
43197
39542
342582
3444
85712
169180
112604
82528
798289
4054
85889
224740
13805
2056449
147917
46107
743510
79835
122808
1073695
4442
2016532
1920187
375005
2056451
3690
2033023
1092577
72643
325641
2358323
862990
3406
2060074
1045224
136217
664052
717648
185767
126558
71644
179731
221759
147926
557876
946017
37429
170727
28971
1160597
62751
60011
48109
2023766
179353
486855
37494
2501770
47091
226051
29766
2137015
168836
35924
358751
1859061
13493
2019967
41776
4111
231641
3716
1478600
448267
172646
588669
2023749
161069
325536
3724
182322
2052490
83908
1882389
321593
66025
167983
2057971
486421
296031
2491212
62886
38689
58934
1842555
51459
329765
1971661
55960
450882
1641311
153348
2528289
4684
3544
93608
79078
154000
45211
2107771
186426
97309
1820310
4236
1821062
81985
105886
1593301
45988
3559
652132
2039006
13894
1056926
168120
124947
863024
2511006
147273
4593
2212986
1780398
109558
2202561
363211
1472306
37427
3711
261447
46969
1544808
100521
112615
2491217
141752
2100578
447670
40707
183674
2015165
145284
1862641
167560
57053
1716007
45372
460784
548140
470522
82317
1879258
93213
347883
941581
170012
154290
158152
133939
158384
1716016
64595
148566
859264
49565
397273
54798
50176
54800
2003510
79002
348281
49827
323096
669720
374971
158170
2057969
62927
859262
117957
2056095
196585
4535
45689
3821
74649
55571
1928487
59281
179741
35708
161868
91528
1245682
167989
183944
2491241
553048
1520938
576365
1137557
220438
404689
106546
58530
330163
662772
101622
13129
2546644
1867301
1523625
126418
4543
1676596
1716034
63062
215070
1603294
342001
51239
316486
294294
362359
49555
56905
2491231
163010
860753
4690
82096
40966
120634
2491205
1715390
357961
337465
22663
13429
13824
796727
23207
62337
37717
43891
941567
146037
146652
414717
1127806
1716015
85337
3916
78168
1082184
1715998
60118
497687
212708
1306921
486689
2211419
126421
173852
231663
330157
3917
101629
329890
1504635
86722
330570
54732
4486
53134
84005
2501417
322100
39511
204340
96568
307507
41786
240449
313903
279669
158163
166816
219064
157791
653049
2099428
396313
669084
2051922
365556
947974
313104
308174
185702
519533
2017768
38873
1043422
1208065
2493992
1680231
1592219
1670882
42072
335807
80753
207839
13258
3832
152096
2358324
36592
58047
1609849
1392673
397682
904691
1844069
115664
2034236
86726
714646
239685
434245
3435
81971
1752765
1903712
65489
97170
2306360
1393207
3414
176616
362345
717594
40247
467197
137435
158541
1716026
862985
1896641
1592803
167341
85438
321598
1986163
361918
1917008
66672
1667030
1245586
673200
330585
162678
3922
2507418
147939
1905278
46220
350427
2491214
2212985
939149
4577
414607
3284
692148
2563118
86694
1393007
1442571
3759
981085
40796
136122
204586
1716023
2491242
50452
330559
56032
460789
53737
350585
152094
381974
2491215
82311
2049519
261423
63677
1260345
1043716
4208
82095
2211416
59097
1393008
192012
1720319
858900
63060
335806
89194
179350
158559
2072996
1498489
4212
2491225
161865
332338
66014
4686
1716039
47082
3555
381410
280850
141191
1640672
100170
2528931
154289
2491219
872479
332337
173386
2057634
2034244
55576
1220052
165499
1974274
47635
366476
243020
329798
237942
63057
2490641
106569
744468
158383
47452
2491093
377232
1430397
126416
295326
334596
165710
665996
148577
748699
545886
798276
1642853
82502
63349
43335
1517518
1312023
1716009
193335
4108
2479193
2563121
28979
1054456
3873
59082
2528922
65730
3659
86990
2045231
1980159
64134
173847
1716017
77586
1905019
160839
360304
381981
50181
85887
459176
96944
221257
39367
283872
161873
29712
216510
1872702
82279
28966
328401
51255
1219863
1111104
46105
168834
1354197
183483
1803730
74648
110894
96477
3719
3330
139401
263258
82313
112607
751589
1198658
48119
192261
153554
253616
141186
2029437
13044
520510
300888
363218
32172
78828
76967
2491218
39026
3144
1547847
49390
13007
451078
434059
159030
927809
28930
1435565
2184935
198035
2003516
1035811
751723
1499537
196578
226102
328402
225553
886359
1220049
2107774
106635
751720
499988
553054
40148
4540
34278
666132
425836
53205
2042393
176866
106551
163685
587508
57323
39553
711536
221758
72664
126279
1756979
1983733
4129
474354
112883
4570
1715883
36777
39631
17515
310672
38541
751736
65491
99815
1071202
2056447
52688
168575
53719
1177209
997066
672195
29695
79824
28511
748691
2003520
2479787
362341
121787
53104
171900
49451
550460
74654
1857146
547433
864768
2069296
941580
1571923
62891
198265
2201377
48032
33128
3707
185542
452972
1043513
798316
86742
220640
119829
38648
252529
2017775
4522
4214
106132
39350
2056445
55570
84614
140576
1705841
369350
97044
587499
48532
2042888
2033002
312850
306069
587503
798336
49840
78191
179091
2545986
115666
1890409
408194
93926
1885598
191680
222567
1716018
4428
1898257
1227975
1737302
182325
1056488
1499532
2008671
51002
99064
228586
3855
86865
381997
16897
746016
59895
4049
88056
2126388
2041603
167593
40922
13413
1448044
128810
65729
1424547
166594
89789
1471837
3708
35938
45251
1672019
751642
241841
172645
1297873
191701
358669
2056450
349366
2291130
2029431
1755025
79832
862994
78607
112611
3668
55578
39848
60117
4529
751716
170708
490730
38705
203094
3685
1914353
37682
640775
587511
329777
714455
165702
4083
2491092
126361
589473
52491
29746
105594
145980
261434
650144
1517519
1938265
86699
196898
3657
237963
743505
2491094
175694
2108135
872913
2545979
549149
187269
47600
270102
110835
47636
2486839
700922
667250
939154
280455
1329983
374961
434060
124782
167342
164263
1026954
75708
50458
140660
49664
2491213
126363
264947
4233
1716027
1844070
28532
3277
185562
179740
212734
3878
416047
112509
451070
165200
38684
2079031
37660
1979389
3192
126820
221755
99507
42053
48929
349246
798304
2072995
1905858
179354
86093
4232
323707
227903
608512
1736656
183675
1489476
1245316
154493
3334
2547368
336383
162306
542762
264931
983245
2044626
555431
381977
35935
1620016
4222
1611548
43943
1812844
13825
4505
169987
108544
2491227
39524
109171
261448
4563
2491209
182070
29808
305658
616962
85378
388472
2491240
126903
2491230
242209
188928
1354201
1170341
78707
2546645
329150
459596
36774
3654
38723
1428164
87670
259893
2358325
242290
1262099
1716001
1931380
1735015
77605
46142
675859
146995
420675
64045
85369
996148
414630
3888
941476
28472
662769
3371
154765
118247
170927
2107772
1867303
495751
362373
1716002
40149
3636
1132527
743498
3859
1489473
85622
2048656
246360
33109
160545
46379
39634
66004
197924
688333
141189
2491206
96521
336974
34314
98020
191878
81913
258455
155132
1296280
200489
263335
3726
185002
1716036
89484
798323
134766
1917009
1716010
56065
338575
142615
32224
98722
3415
166818
106892
2576611
2491246
425844
397392
2316892
2053062
217619
154761
1545468
3483
1045221
53230
50514
4138
37657
308872
55183
4533
1850528
153490
13674
207932
93293
2546637
161752
289753
1661584
167990
55572
152089
1567104
106893
58923
591208
13748
2518629
93677
16918
1716003
28526
2056444
2546638
442738
304163
798338
39545
1716029
1448043
20340
40003
29710
126368
666133
382038
1841493
1247859
4371
351344
1905020
2491102
113636
3339
1872703
2054433
363216
280454
1716006
106774
2023767
1903714
37687
62892
1118417
129567
1962071
158095
67778
78998
206448
93611
51447
82538
159033
145953
1902783
84044
126273
2491236
126566
3673
2491234
211003
355589
2126387
587519
883134
292815
1938269
227308
191923
260675
29650
3972
108546
74718
34282
104537
1708480
1112305
1830227
1234501
159976
1822401
74613
133946
1715999
145286
1304680
4084
167339
64022
183030
124780
158156
160064
205524
304445
122812
88034
151521
362354
63744
3702
239565
151231
3691
283746
1932074
384043
4679
395340
2491222
40916
362363
153762
142759
489059
3077
2491228
587501
637485
165353
1071399
1716028
263836
460778
81972
36610
125444
189255
884032
751591
587520
1716020
147044
197613
48924
292912
61222
37395
29719
52545
165789
1704221
93694
176126
338574
66012
2491091
41913
3860
700990
203761
2358316
307274
171883
319931
1629762
1071199
1382063
1276776
153571
473980
69404
4534
4039
414665
200572
77070
859267
16924
640773
158093
2022365
2056446
2567863
246709
121770
362352
28974
796746
147045
463594
209793
1755046
1245227
101015
85363
2099417
165700
362732
176864
2583285
2057970
113208
637479
40584
587510
1269200
47602
57205
2491221
2491224
57921
29679
1859060
329760
146539
2576876
587507
1465651
2051892
3469
316474
228393
56890
45187
195526
68554
35874
58030
1716008
2491216
126548
39947
45690
3486
353977
192972
162053
512611
2547459
332336
102167
3102
1485642
1532388
977929
1716004
435380
167343
4532
580341
266536
883788
73275
338654
4483
124929
80755
4006
47970
39353
146655
4538
198914
554055
2528937
488919
362364
58937
141207
227902
1194695
88033
64478
154679
122810
262757
537175
222885
41396
94219
2035532
59689
20997
126362
59677
983195
22694
1844071
2491202
1056843
182324
182309
58228
416286
458695
80379
1503374
1985980
29662
190524
1716025
171822
184084
1902425
2017771
44015
29655
214676
158147
1050841
231188
160581
87684
424906
101020
344871
1822400
278950
4414
128741
1673703
2003518
1822399
1442572
490843
34301
87669
161867
90675
65988
151430
46147
1565112
1716014
39288
40702
413747
362342
375264
1097620
287011
151328
1755048
248848
329082
200492
1716022
264428
2003513
34190
253612
1747705
1750592
369043
858887
313107
4109
41604
29690
327218
674062
1874639
374093
1798769
224738
56040
4536
451084
50187
1036297
38686
210377
38859
2057968
110913
1339356
240045
261426
139403
145388
158120
304161
2501769
55363
51004
156521
220690
1611547
165716
3850
4528
2546643
58936
488922
1716032
253613
53218
41782
179119
134526
91218
330558
48401
128609
1648221
137888
477955
649768
682621
97307
293558
339208
1882728
883148
3570
59788
314391
3262
748687
382033
2545980
34193
1716021
52853
28525
16922
1035810
387290
313900
3712
39325
65968
414602
167584
49541
58046
315339
74614
141753
38872
268844
111851
476139
1112727
714439
77065
2491095
51351
53175
182084
675858
327892
435377
1716012
98240
1296274
744259
333970
83309
226115
347889
180558
153558
89493
500244
198266
37425
302551
44682
859540
147425
226101
28929
1970665
97169
1282094
1055743
435776
4487
335152
1238142
15368
47622
158122
798321
412743
176857
1133553
3403
107604
3818
176859
1755026
84056
1977234
189559
459177
906689
684742
1678924
35875
313081
50507
39855
126561
225203
154293
2060075
1245680
2498012
3332
269605
44588
426352
1352232
362351
1137531
184485
32120
201515
4076
459593
590039
1462506
129566
126540
555432
3862
87679
40888
1716024
187337
1277824
33113
149022
34148
1905021
210386
53046
29780
1769196
108411
593754
47965
264924
255881
692125
1678212
1094858
286842
394301
2099405
180062
1552703
2491235
2056452
486853
38868
112863
2564002
714457
80754
1903715
4373
204517
658882
346293
424914
46397
34270
325984
49786
3870
3696
2184936
4443
142614
121482
155545
128653
638627
158166
1564034
38687
2491101
79612
189576
261450
251593
1125365
56742
2021615
161261
587517
90397
159960
1577587
1351828
348265
49684
2138605
78812
13006
1480154
1611279
259378
2546640
118781
87688
29722
75712
548150
200642
262758
63353
713924
1408201
569774
261786
1053105
2056448
240451
798343
3747
210370
1980154
169268
152397
1161137
1914264
56901
32188
264939
64029
194712
231718
89191
113624
1365876
587670
40583
798269
65731
158149
3677
85216
1716005
1518434
117953
103965
271221
1547872
4182
172643
265783
1196480
101013
2491226
2491238
3316
38787
4424
1684752
2107773
47634
2057972
2491098
432642
29728
2108136
168123
170584
226099
224736
382111
864766
2567862
53081
71402
13821
266767
1828746
2017770
885028
1085342
47631
113480
798273
174170
103871
4604
78745
44573
39899
240450
1030390
58532
2267877
1525191
182298
41486
32239
1716019
1245685
1465622
50864
91120
165701
2017959
313893
2304587
106203
3847
1671323
263294
120273
211937
2486838
98038
88032
107817
304102
2583372
699964
179356
2011089
38726
221260
4091
158098
1081051
91144
111431
3721
3431
208742
2041848
126403
130458
1915067
163309
1397840
382006
4537
145989
38722
70964
39875
35608
49763
1716030
109601
86979
3694
182310
58860
883138
1611549
1986522
1245684
196582
1642857
1611546
992666
75067
1867302
123601
65703
64047
1716000
22666
91146
330575
2304166
424909
79842
181002
587506
154025
1132989
2491243
873093
54469
55605
39946
221256
97980
457735
362357
547455
315350
941582
29689
405728
319925
93211
2029563
59045
4682
318917
4572
1822402
537134
552857
1569042
2501768
798322
147919
381124
253749
59062
319220
193079
338578
38588
120290
61564
1312900
1716011
1390594
168559
1348122
45834
58039
192264
208758
493391
1906385
165205
1265925
1739658
457768
226209
415155
374095
86774
1623358
608811
47080
36012
83858
1118407
2528930
229049
164262
1393206
215066
401898
83307
2003514
92927
2576875
450940
182323
74651
1004391
13818
858932
227895
192314
99437
65948
13443
866555
121094
171908
1969216
43782
374096
87672
49683
63056
2138388
587509
119999
179994
362374
309532
1533308
75702
353963
182415
142613
2291087
117272
941573
161753
342060
167908
387127
319928
39106
765816
1262544
1126415
2491232
63680
1547871
2072997
3662
37685
1170328
357851
1672020
330573
50240
445235
208936
2315473
102822
1582009
469460
2003519
167760
669661
3281
90345
3710
1478599
161870
186955
97325
531291
349476
226103
73824
1286644
4460
2491245
744039
194713
487038
66636
2137014
1637976
157702
4098
126675
941568
1382008
84053
1980291
713886
198824
1716013
1279188
476207
170926
519246
2044838
185543
1718245
154291
2003517
1536645
169179
1620017
152091
79857
85370
610235
1392717
286952
2491204
120620
1522199
587514
77057
2003511
412662
42043
345916
4421
261999
90037
591225
360337
164275
78478
3180
106888
461633
185001
656325
459172
35925
141187
2038705
158129
1755061
587515
159424
412675
416032
1418012
40321
88036
941570
151230
168561
354034
1821576
4217
4082
110318
54711
1387641
1244996
4096
492483
1653186
341669
361940
270988
376444
55580
700924
1867304
798536
215071
2576877
227909
126360
241767
28980
83308
308435
104588
381761
2491220
211939
1898425
669134
329084
235734
149405
122250
97979
142389
321550
157165
110450
3827
4045
1736658
173912
180217
330556
56892
141782
1501231
28529
688348
337188
1755056
113210
1155789
2491208
374097
140003
4426
228871
336973
74647
63629
1433400
1931379
105268
1539468
1056944
496568
3352
90346
150983
1306438
76119
50196
934068
56867
141790
162677
1582844
329779
1056880
75699
53061
112568
542733
167987
221254
25625
186954
196905
4043
97167
245822
587513
1716031
40716
4556
3625
1071398
113205
1539464
2546641
151439
40788
48386
80369
50346
142400
362347
69994
91242
1882473
159055
3864
2041602
139404
29687
28909
2315457
55373
2491223
1400639
37679
167573
323895
1905279
1235665
1812841
1715365
1081573
307165
50123
99046
362366
41220
158558
1035921
138327
137178
93977
45325
130512
77060
4396
77588
119954
3900
147282
2491211
158141
3449
1262102
142612
369024
62330
1237795
1523627
120259
1986162
39329
587579
126541
28978
79081
2267878
63459
3317
2025843
265675
587518
1137891
167337
13727
167985
4689
47742
1348125
2003509
3076
1906384
44683
63051
126905
48545
231665
355900
210376
82312
435756
13331
229472
2563120
1716035
1859058
1352234
2267876
38785
1184750
4081
226208
182317
81970
554065
56029
432648
126543
29684
79855
3658
29674
1454364
57649
1930680
156270
71234
151332
1268173
4555
85282
1097642
161756
92921
1692140
2201376
512745
143389
299116
101653
257763
2545981
137943
1088818
154292
330583
62335
1585701
3218
331189
173909
75722
354530
429560
423499
41398
2501767
467198
140035
89481
1117035
2041849
1276802
516549
3258
266091
2491244
148576
42345
237862
45005
48666
3908
157670
101609
2306214
1243769
38708
268114
187461
55575
326261
45318
34199
160069
29682
141798
714519
2045230
295327
293749
308688
126358
99806
162386
2315787
28977
1078588
476039
28502
152093
1120798
1117039
66699
226106
112879
381990
43946
472368
208873
1423317
51324
74650
80751
180069
587525
126556
369422
587504
73282
80863
492479
242124
463890
227899
126542
126429
177115
1030197
128608
354018
2491237
4102
1873304
253203
34284
82315
41561
203478
257623
2017767
389174
93925
375903
362346
46367
148623
279737
1630365
56917
72925
192259
300125
2022354
1006121
542719
2041141
287721
272862
374968
265764
82318
13383
524874
1978917
50765
1293079
374099
98373
1671114
1209471
45249
500268
28982
4230
1278906
1505646
1245681
126553
2563973
60698
446036
1227758
146640
2137671
1352233
34307
1510014
717233
486854
4073
1716033
13451
1606441
153521
363749
193516
97171
50225
84058
2483298
117583
237871
1697098
99438
374964
1049916
60851
1671078
2047783
81729
395280
47621
167570
4530
101007
2137820
59691
64034
1982072
745662
399647
38727
203015
182300
423500
41844
2491229
109559
39358
3535
1892573
2003512
180010
40722
158573
4547
78457
4606
486690
153727
4692
338576
798271
1517517
65409
179998
106773
212706
147918
587516
112612
859535
240448
168115
63788
59052
1333989
90396
2491097
357856
39527
126411
230597
75706
4112
66814
414624
84609
160593
91213
3663
798344
1266557
1271601
748702
50768
50191
1565408
79849
132711
608511
158165
859524
869827
47637
110909
470286
104666
263218
82331
120602
59679
2003515
4312
53239
124846
100364
262729
332435
63351
2491099
493175
266284
56998
50179
1604141
88845
2491203
201012
354529
4582
587521
56896
165788
280854
2038704
466205
2029165
210372
193049
1697080
589472
256348
3661
1045223
2025557
1387318
459165
137170
125431
264402
62890
97982
264418
197077
1453101
1716038
948960
3329
1354204
153728
497767
2563117
87676
536625
1971616
192300
78192
3914
37674
282304
2491239
561372
387591
1783558
177082
237863
51020
264940
1340896
357460
481984
51953
106552
1097193
170919
3627
64480
743511
2546642
3880
330548
434743
863009
587524
664053
2017772
129946
1914271
943101
63345
85361
248361
1850527
48038
313097
462407
3567
1243775
293376
168491
37678
1170342
175518
25629
453927
1954645
3171
4047
490838
3730
1492673
72657
1056933
362362
3885
435775
285590
60130
63632
2501766
113474
4412
323898
16911
261425
83444
142611
158550
29678
1755063
49801
1986161
385388
205532
126547
1974217
91515
347893
1324860
1267209
3879
1879227
2109268
100569
35872
1939643
2448053
98039
118713
188317
39510
347188
158105
180990
4567
4072
763953
1523626
99300
358661
941575
2017769
160538
231192
106636
1812033
2491233
1481379
264409
4058
2040574
117265
2546639
357959
887860
156271
148910
2545962
2211418
71408
382144
3848
334597
3311
53202
862845
329772
561373
382113
587512
44586
374711
220689
41568
67918
751732
63347
157677
97014
166117
141755
1844632
35933
1564046
179837
120732
117954
83802
1204778
891976
112603
2056418
1068733
3074
323693
45171
241756
126426
382017
1585705
151065
1716037
264540
1898640
40320
283157
13288
1454366
1917012
101014
382052
754787
1183238
263995
3760
447669
105884
336972
3355
3240
87084
165357
1112724
48101
194264
74665
86148
