5349242
2703273
2930137
3232883
3742306
2703641
3925756
3818589
4087359
5284517
3668643
3121593
2771052
7322122
8354374
7572568
2669006
2735641
3591703
7313936
5275443
2816157
4016824
2683904
3838164
3834219
2965466
3738793
4123833
2888437
5669180
4105992
3153567
3105715
4144977
3044743
2687707
2688470
5371678
2808791
2742237
2929989
3176368
2672681
4109867
3051147
7300283
3037015
7639189
7266581
7161042
3190516
4146864
3646891
4104775
3793983
9613389
5678867
4152283
7313512
3052509
4110374
7882739
3896998
2687927
3802234
5537806
5674393
2646637
3092691
4205319
3923441
5580938
5356488
3041862
3052528
4131139
2688570
5300797
2882429
3047367
3587301
9370836
5384774
3040195
2927382
2875860
8190077
2685275
5284570
3926850
7272452
2684633
3090663
9809109
6043471
7274221
3189723
5331268
7266360
3033991
5665840
3172308
7315793
7326229
2756019
2703911
2856707
2953747
7266372
5353583
5674238
3034742
5308651
3036865
7270272
5674860
5386134
3172287
2754338
5582578
3862279
3084015
5580841
2704348
4134597
4134295
3090675
2953849
3590783
3683966
4109282
3118066
3659381
2641284
7339623
5315870
4143504
2995051
2650107
5358988
3646704
3032681
2704442
2685383
5677752
2863351
2816213
7673414
4221673
3090657
3126178
8201164
3040944
2643090
5284827
2795044
7647795
2931659
3859899
4177874
3170247
3930629
5676003
2857331
3014406
5528356
2985688
3110588
2769435
5372277
2857444
6070915
2928767
2704446
3981308
7393329
5371716
2927233
4088297
7122825
6043516
5349274
2705737
7272731
2753278
7266406
8149923
3622034
4088253
3742939
2828668
5415619
5372246
5421118
3083862
5373249
5832504
4204463
3090629
7319290
5290171
2750611
7300218
3036892
4149653
2703456
7313823
5384955
9574892
3646601
7268792
5384852
3118078
7155259
2755630
3682281
2685181
2857132
5347844
4139388
5286163
7730307
3033840
3005039
2702822
5696768
4147813
7399880
2681651
4131515
4007656
4137928
3188757
2747826
3084719
2674024
8326713
5373475
5677628
2857379
5398421
2705868
5341792
5537667
3682961
2965280
4146596
5371746
5421333
4112501
3646721
5537596
8244887
7298533
3033300
7276576
2875871
3042751
7315916
5299296
7670388
2785323
5332286
7326009
2766221
5420380
8323761
7277188
3988684
2803398
7269903
2931415
5371653
2888730
5372262
2687885
5415036
2927548
7738624
2685646
7607891
7325947
2888439
2703461
4109079
7800235
8068041
7437208
7277127
7355846
3840852
3090631
3052450
3934603
5326179
2705184
4131917
3745193
3122433
6376282
3760916
2650435
5421087
4108453
8283202
5943119
3050357
8310735
3176610
2781074
2685314
5549827
3867434
2808765
4146897
2703473
3156192
8300054
5406998
5316491
3051311
3625998
2876013
5678118
4144114
2688584
4124025
7304271
4127473
3090600
5362004
7475694
7287970
3684325
4140528
3090572
5371864
2860922
3042291
5371655
2929907
2856910
7451394
7279275
2672619
2926612
4139502
4121638
5641793
5305552
3988234
3697755
7496422
2929892
2771232
2927177
5633208
3684970
2646253
3759078
3090704
5592364
7329053
2932902
5676939
4146005
7353729
4119609
5285750
4111099
6058838
3172382
5641137
4151676
5356354
7308369
3090634
2703459
2651799
2702812
3112345
2671805
3606863
3120722
7300347
3188525
5549923
5285964
3684654
4124635
2684191
4048274
2742172
2874198
4138560
3172297
7889215
5528903
5395398
3057656
3902255
2857221
2873769
3090616
3585046
3034046
4138176
3022725
5375209
2930498
7996293
2638421
2753264
2706415
5616414
7266641
5353593
3152226
3789029
3804145
3921720
4082115
4122658
3090567
5318948
5537964
7809468
2683884
2769112
7355530
2704651
7909756
2684610
5341297
5373254
5675642
5674318
9122387
3799794
2706106
2705614
3861141
5415056
7266341
5671812
2857697
5676228
2971095
3090625
3634917
2685280
3663231
7263106
2704447
4151962
5672571
7309014
4070021
7518426
4119690
3768352
3032976
3090687
7299219
4153735
4152610
5420912
7303618
5374118
2706301
2775592
5289620
2876043
7308820
4182521
5372260
7300394
2772636
5394163
5289762
4128414
4150569
3883019
2684855
8971274
3112362
3090649
9605163
2754610
3090590
5284513
2926672
5323092
3789290
4110185
6634957
2974683
4130126
2650105
3801355
3984105
2927175
5356371
5356401
2931061
7308761
5836522
3982033
3624240
7440887
3033965
2704106
5317412
2964167
3172386
2684171
6402729
4256698
5356714
4129476
5304529
3029912
3025437
7100404
3039046
7316508
2706022
5671821
5395452
3839843
5319011
3802266
4123827
5284554
4146990
2882430
5676035
4154151
2928878
4117523
3797288
2950907
5284483
2991493
3042845
3176354
2874570
3190508
2705090
4120843
3029834
2927158
5283400
5387504
3090666
2966796
5415039
3153030
2688265
5580863
8002952
5634235
3119232
3048867
2874210
7266434
2959035
5345341
3084022
3132430
2706088
5951282
5674566
5641806
3768452
2876667
5523984
5288819
3981642
3090579
5395467
5371879
5289785
7326947
5418629
5674869
4153623
4159921
2930262
2772564
5315454
5300784
5352251
7277579
5415054
4094182
2882316
2688573
9150405
5350010
4192792
5316500
5677805
4155017
3153270
4135983
9486002
7339614
3090614
3806067
5549809
7883427
4117984
9764749
5664544
3169830
3172278
7277247
8100050
9151957
3086314
3685256
7502977
3811075
2705757
3118073
3129202
5275012
9704070
5375201
2777724
3586783
7506783
3861287
2816321
2752044
3131614
7304540
7319016
4123452
3683595
3034944
5290052
7972896
6365649
3120791
2684591
5568428
3926225
4137894
2684080
3682197
5677398
2963961
3625099
3756945
9354969
2685681
3899258
2686157
2984535
2889378
4117461
2705196
4109235
7157705
2657004
4110287
2703041
3052501
4134336
2863311
3021409
3090619
9766523
2870127
2882432
2704340
2686287
4196470
5359655
5537879
3590313
8046061
5298821
6364219
3855866
7469977
3090615
5317521
3872463
5376648
4153342
2882803
7319933
8332947
4149454
7125851
2873861
9805393
3035369
2686170
5635525
5677381
3042077
2771207
3034648
5275398
3090601
2753312
5664118
2704346
5295889
2964812
2932943
3032762
5303905
3804422
4152382
5708806
3173178
3830405
5552489
4150293
3788104
3040551
2793334
7289077
5284568
3141097
3798939
3925515
5394473
5678107
2705865
3084012
2964566
6363352
5341394
2706164
5308528
4149619
7307728
7314083
7313927
3176999
3090604
2984532
4124313
3041689
2840877
2753211
5304769
3036292
2840611
4116972
3022277
3089154
3033455
8539282
7770836
2795051
5372264
3188725
3172327
3625692
5375268
7141651
5528324
2739622
7761022
2705964
5361889
5300809
2875892
3805800
2874222
5305617
3090646
5316149
5673616
3033546
2975768
4110225
2706411
5592249
5321373
3083935
5549878
2789676
4151563
5289841
5310951
7952471
7306109
5300425
3897666
3927200
2705583
2875787
8060423
2687628
2706406
2685601
5674076
3933039
3804010
3625855
3090660
3172343
3177386
3108703
2874569
2797295
2803309
7326156
2703469
2705587
3624285
5289626
5567542
8998684
2874581
3645663
7773502
3090608
7731732
2769303
2741536
5300591
7339073
7924597
2704070
4927713
3190513
9270363
3086811
4133841
3034509
6109611
2706251
7263012
3802342
8309687
5387539
2846796
5373358
7508229
4109131
7434922
4146785
3590274
5549937
3047598
5674439
2650564
2857558
3923082
5332282
2929147
6070572
3084672
5375258
3190553
4940390
4134946
2706113
3086086
4109976
7604003
3922373
5537749
5599975
3088953
4015917
8403992
5290201
5284575
7884797
3188513
3802772
3090624
8022932
3989330
9118014
7944367
4036422
8235099
2932737
3150814
2684155
4150790
3150753
3116861
2974583
3594822
8207022
3856771
8104555
5373248
5334275
3190472
2874204
2687646
7102937
2876072
5290103
2754395
4124959
5393640
2706190
7503031
4137298
5371722
7903503
4141347
2946183
8002439
2753380
4933082
3189694
7642564
5678409
8207569
2891641
6374525
3029801
5567780
2705687
4047906
7574732
2931542
4117506
4934494
7316518
4030419
2874186
5289684
5388602
2703462
5395525
2683946
5595285
7516558
4138037
3085368
5285589
8193935
5275131
2963817
4120876
7759787
5285241
3009087
3190164
4125185
5948368
5554574
7412977
7379138
7277323
3684502
9211233
4147250
7595055
5329315
2752992
5289764
5366691
3744639
3130339
5375102
2651567
5541322
2771050
3032655
3745200
2672635
3988367
4106071
2773942
4121413
2754460
4178215
2687286
2705275
5537973
5613335
2852481
2754673
3090571
7269010
8394552
7272554
7320007
3591351
5566202
2929847
3684014
4133088
7315801
2703885
2816275
2944317
2888706
2686253
5579436
3647215
4109537
2705999
5305636
6109637
2705834
3191259
3827856
3684449
3591367
5295896
5290149
3802360
5289624
3042082
2753480
4159452
5373284
5671575
5300608
7696280
7298393
8323432
4039250
2753522
2688613
3051150
5289831
2874564
7266706
2753456
2984672
9662775
7319002
3189693
7795516
5371685
3925104
7277064
4147182
9741998
3768561
5372639
7383938
2705565
3003244
2688176
7500620
2927545
9710870
5418406
2651608
3188724
7863927
8121969
5558488
5828220
3176896
7382741
3189692
2706099
2770000
5528343
4108297
2882300
3039269
2975677
5286358
5310664
2705536
4937226
9206251
2731882
4091126
2951851
2770868
4153584
8172583
2650827
2702536
7329785
8960721
2960383
3120648
2854729
2650999
5289743
9167736
5612297
4132277
5375242
3988990
5317489
2704854
8241662
2848735
7326895
2779434
2741694
2642991
2863309
5318958
3134192
2705162
4196481
4136858
7536923
7298320
3818540
5332311
4932408
7794636
4047699
7326165
3090705
4145805
3121398
6433032
5356477
7987710
3924927
2895528
2982508
4147266
5373418
3646556
7303600
5375388
9596941
2685636
5421144
2686276
7326137
5528333
5356578
2754595
3190715
2930908
3683625
4109088
4115002
2975725
8368566
5641096
2828709
3710283
2684578
7820439
2968813
3090561
7277368
3922365
4091763
2646669
5369802
3001102
2985675
2695149
2705325
3090626
2704851
7313919
3040232
5601105
5534202
5315347
3040558
5395509
3190638
7304749
2755797
2671271
5300486
5404194
3082210
3992808
2965778
5285951
3683076
4933084
5592348
5349428
5375387
7289120
4088239
5674034
3118068
2876088
4180538
2772879
2651848
2755489
4151666
7902463
5289779
3090636
5319246
7961545
5414252
2929616
2706435
4339882
3152873
4932431
4256028
8307542
2685569
2769061
7361239
2875940
5371702
7322071
7266860
5317187
2856681
8826969
4124815
2684773
7334050
3842891
3000699
3020755
7310734
7478860
2775561
2883969
2702717
3683008
3090681
2825192
5599091
5316521
2703626
7921360
7268240
7325997
5939812
3000679
3745294
2965354
7277589
2753030
4109528
7403263
5284840
5317673
4068523
2747430
2705286
7266666
4124235
3008635
2926005
3034602
3033830
3839645
5289698
3663443
8057620
3802293
5273583
3118080
4109970
7445557
6102761
2771279
2930397
7631479
7356096
3802189
2820423
3881810
7270734
4136493
5667792
9080185
8298495
7444768
3940827
5393637
2863308
3137128
5318863
5359660
5295978
2965770
7325877
2768885
2703540
2753079
5359475
4139425
7293094
9594152
3856277
4092208
7751501
6365240
2932643
5375020
2752128
4070395
3112361
4123418
2770089
5284237
3189382
5677150
9202524
2742059
3747014
3044507
5370415
2929618
2706394
3090659
4108532
4047755
4140151
4004413
4196478
4135005
2825513
8171484
3860234
3146717
2874190
4136488
5686494
3089479
3768558
4096399
2684174
3033368
4109884
7300339
8846035
2688211
2685300
3029900
2683866
4124244
3798719
3625919
4001417
9557964
3034113
5289788
2875793
5305687
5290130
2687220
3090605
5317045
3170823
5371645
3021037
5316009
2925649
4131414
5284555
5377378
4137924
4025674
2929691
5550015
3040249
2703464
7155291
7286036
5317287
5375247
7795888
4080050
5544654
7277587
3004857
3172370
5350452
5317107
3172303
6369770
7606945
4147631
2703912
7865783
3090606
5415661
5704398
2972043
7653915
5334240
2702451
5592349
7329850
3799457
5361877
3927581
3591259
3034922
3925451
2704395
5677761
2685085
5377042
5363135
2705666
7277198
5331162
2948930
4110429
5394645
2775710
3052538
3090641
5372258
3052541
7883600
4181342
7269177
8604890
5356614
7270012
2704112
3153228
4116657
7156471
2853152
2775606
7266635
3724651
5679570
3589814
5828197
3921650
5673735
3850935
3797972
4193804
5537977
8150344
3850981
3001632
5295878
5643565
4149504
3684622
5334268
3033129
5286079
2650150
2702798
4137039
5341784
2928751
2754777
3682631
5674100
3190511
5308555
7617789
5537813
3032178
5677764
2684887
5295929
5598554
2687843
2687717
4125098
3121341
7319895
5420987
5295892
6135784
5549870
8372153
3105666
7270797
2683955
3190712
3839335
5284231
5284562
7330858
3701918
5274878
5273606
5284745
8241774
8193234
3738221
4123933
5678671
5609143
2768953
2705181
3018319
5677426
2740024
3049685
3190484
5393642
5677293
7413879
3615532
8324181
7263110
5549816
7316524
2793158
5373255
7296742
5553933
5414420
5305513
2931882
5305668
9338262
3024146
3118072
3037725
7304665
4070067
5676921
5640951
7102969
3034646
5384834
2795457
3683164
2770323
3682433
2882446
3172306
3090603
3032678
7287927
5528313
4142724
2947311
5528335
4152811
7325923
8106628
2931374
4092606
3804846
5290168
3643075
3036875
5672585
5384397
5317150
4136722
2903802
2646696
2882398
2875922
5290087
2927294
4145239
3090554
3090648
5679133
3143105
5284278
4124327
2704661
5374951
5275432
4013385
7326029
5827845
7867898
4937259
2927004
5415571
3683811
7263208
3647356
4109540
3874338
2684835
2753081
4144035
2756112
5316426
7299081
3171304
5710306
3588500
3040556
4140180
4938757
2755185
3177330
5395405
5672421
3925350
7655426
3083990
7318939
8120010
2875850
4087388
3152671
7262362
3090668
5289789
5299303
2685484
5372237
2875893
5356514
5375425
3981432
2683969
2929062
5301026
3021229
5321422
4134593
4159728
6026408
7520328
5529644
5284442
3052535
4108555
5384805
3036366
2702806
4109308
2982583
4145435
5356684
2875979
5675194
3867269
7270682
7699721
5316408
7266788
3988874
2974786
4149485
4109763
3090709
5633910
4141692
3105785
3684137
7262947
5317763
7985821
2684391
7125869
2999200
3181064
5383959
9073641
2703246
2690931
5384390
2955818
3119191
3083838
4105722
2706026
3090696
5421085
3001660
5671564
5316652
6026295
3042636
3632234
3625315
5708628
4932964
5699339
3925866
7313745
5634431
5569682
2684904
3586769
8420911
3988950
7270218
8062426
2684102
3189635
3805792
2753192
4108067
2929848
4109498
3128962
2770004
5591008
2688326
7519921
2875817
2703463
3090630
8135390
7329062
5528295
2857659
7598400
2771086
2848856
5361880
5299301
2857017
3172439
3647191
7670032
2956206
3684863
2753090
2704432
5300394
3033353
4125155
5575475
3960955
2930023
3603789
3584898
3750475
5677455
2684320
2932944
3090706
3672337
4160094
8344091
5272051
2856725
2651816
7738766
2882268
2706204
2814339
2702808
2874672
3052468
7269282
2896888
3188736
5317530
5370380
5600140
2687779
2702847
3033671
3090570
2959073
4117686
2650436
7319035
3041758
5290179
9172708
4109452
2703471
2888794
4124745
4138362
7469425
6026426
8321422
3042459
3040184
7963890
2753253
5300998
5284811
7978633
2704075
4016126
9338734
3986548
5372800
4017086
4023166
3116842
3934269
3021850
2705418
5588218
5677510
5634430
8424867
7326080
9671412
7970844
5361760
2753371
4147795
5319226
5295911
9402264
2753451
3702480
4129103
3858747
3090575
5347845
3190485
4154255
7334992
5409255
3639786
2753478
3136953
3642330
2688302
2777024
7316005
2688524
3090652
4159853
2771077
2929236
5373413
3639759
2876044
2753218
5318906
2753364
9274560
4144185
5316187
5371609
3590446
6027105
2753146
4192715
2960735
4125068
3172242
5373235
2928765
7530490
5674133
3002167
5685218
9111729
3085420
3040559
5567655
3022609
7421641
5549884
3049933
2927543
2863967
2927230
5792597
2704501
3806510
4125467
7266421
7266574
4109837
2684709
5587181
4133829
5356407
5373286
2703197
5356511
3190154
2683942
3122205
3867146
5549741
7141659
4070026
3051438
3982208
2683909
4128150
7298558
4145065
5671789
2931071
5315372
5404446
2840807
2795473
6410563
3614185
2650245
2688289
4132316
2706173
3050522
2706241
2685654
7569631
5672565
2928835
3112374
3119225
7678610
2927282
7326036
4115927
3940619
3989199
2965745
6374393
5393636
3032980
5318941
3915848
2643166
2684616
5673546
3591076
7266362
2957966
3090566
5373339
2856504
5353598
2704414
7317816
3591768
2874622
7288244
7270743
5615978
7329787
5293058
5677942
2927429
3118069
3090586
3090617
3737606
2703935
3090607
5289790
5375224
3590429
8098986
3176655
3920874
3864733
7299506
5299312
4136052
5305656
3187983
3040233
2932942
8993776
2929732
4108095
3050364
3052436
4151738
3032984
5677471
5528357
5373322
4129604
3035311
5362786
3021407
2705932
3041503
5533069
8099462
3034714
3101208
8303121
6365882
2929673
3044912
2767031
4142942
3802419
2927424
2705081
4136483
8373355
5372238
2756109
3035134
4205640
8377689
7599622
4191588
3855904
2977331
2650903
5316694
7874619
4096510
4159324
3798410
5393641
7806873
3684585
2684170
7299482
3094819
5284464
7313983
3980882
2977323
3052544
2875961
5284917
5284884
5553945
3172358
5537969
3040552
2975014
7262943
3981102
4932161
3112364
3889108
7824053
4001208
4144546
3171697
2755116
2856860
5305555
6370198
5289821
2706541
8031426
7266456
7266444
2968435
5284502
3090573
4017435
5362215
2755608
2687186
3153837
5289877
7324452
5409371
4177857
7331082
5295915
5359650
7339206
5300495
2882443
7266717
4134076
3118075
6406374
6435171
4133890
8214470
2927096
5633333
3152861
3004247
5616047
4068691
5421047
4113923
4124299
7313818
5330776
2706114
3046173
7325992
3172407
5677407
3052529
3738478
4055563
8420749
3685992
2882437
2650660
2685116
5316532
2882420
3169083
8192249
5317089
7535786
5359653
2753786
2650829
3684963
5294777
8141711
5273604
8244689
7326263
7887223
7152728
8616098
2685171
8584304
7104172
5341511
2757624
7846556
3145214
5359654
5300642
7686979
3928716
5284798
3634949
3033114
5616625
5634432
4001151
7266778
5528315
4144827
3172392
5580835
5356451
5371712
2874621
5315559
3030181
4181638
3922060
3023152
5298923
5373789
7526042
5310704
2642105
3140729
2705189
7295789
5317606
4097286
2684844
5420901
4201688
3119175
8664882
4152613
5685264
2687656
5596898
5374672
5371772
2943268
2755178
3090633
7513343
2901228
7335697
2876008
7270449
2926415
2685693
3021335
3121436
5598535
3132728
2705228
4110556
2687216
4110272
3023046
5304576
3090702
2876094
5584611
3930565
4940606
5568446
5585440
7331697
3091999
5284862
8375594
2650247
3033987
2754732
2963781
3189571
3590904
7304647
5575483
7762188
3592190
7126994
8582197
8143162
5528305
5311689
8404707
4080574
4138871
3683832
3861607
6711753
2704740
5284540
2686212
8160903
7657387
2891785
2754476
4142777
3090673
2753124
4137471
3040547
3090581
3032986
3638048
9396295
4933007
3587632
2929599
3933663
5315469
2771042
2703085
4125138
7441849
5290143
5836531
7297850
3042328
4113971
3590844
6026843
3042658
8338002
5383956
7900846
4117496
2943139
3839517
5687094
4068423
3750517
3029817
7839292
2884309
2688300
4109390
2705270
4105523
3874408
5300358
3038331
3172384
2927305
2874183
3090708
2735117
3046851
3798708
4259120
2963953
5393632
4148073
2943288
5628967
2646897
2651843
3040196
3040237
5295841
5832015
5361951
7863463
5685130
2975756
3827595
2874863
2875885
5359330
2932938
5286381
2706188
2874200
5316701
4126610
5353770
4088196
9172281
3842216
7272684
3090589
3089214
2650876
2863343
3176597
5549939
4115872
2928809
2650857
7152692
3084839
5305646
2888443
5300527
3745136
2965732
2650123
4109547
8637348
3750054
4015955
3588727
5529383
5673976
4182603
6027415
3710153
4125149
7768873
2753520
3922929
5616556
4117554
5371610
5353644
2943200
2687739
4152149
2895345
3084923
5680393
5371721
3172489
7696841
8591421
6109699
3039285
7304140
6035568
2876069
5295973
3153368
5559071
2702446
5367878
4114348
3867318
3625902
2777430
5270961
2769650
4180580
4929996
4125079
3645102
2705619
2755142
5672587
5579449
4154959
4129635
4120808
3819279
5359374
2931312
3803716
3683988
3040231
4114066
3189636
3138327
5270956
3021437
9716827
3083486
5356412
7348912
2943277
4007392
2755523
2958706
5311033
4096460
3090602
4133319
4134240
3589979
7263019
3647219
2857601
2702820
5393953
5316334
5361904
5415040
3815530
3090662
4124321
3191150
4110094
2706112
5284524
2965911
3981552
5674047
3638241
2930617
3090647
3926315
7272556
4129514
7315754
5648396
2958654
2705620
5393638
5531825
5371714
2874508
8170827
5601902
8335407
3774284
5568339
2928859
7335142
2816250
7317960
7266481
7390679
3096721
3981393
2705953
5360271
3033839
8418338
8231191
2650558
3153260
3924601
3591410
5372917
2684178
4125020
3041285
4140305
7313938
7549478
3646524
2931761
2798075
2960284
2929299
8254182
4108363
3022504
3588934
3040227
7441624
4105600
5373246
2965316
2702870
3592374
4109461
5284272
3035388
4047658
2688311
7330807
3176478
2685783
4133851
3922835
5305481
9733867
2932138
3172622
2803463
5347859
4126336
3098748
3940811
5312987
2706056
3034871
4005423
3090620
2766613
2889828
5293875
5400613
4130547
5685882
2703467
2703231
7903057
5650856
2982380
2865448
2703457
5662866
2754659
5300576
2685278
6068659
3802655
3632000
8656996
7589470
2753336
2754496
3702689
5616598
